            acc 0.000000000000000 0.035274498704674 0.001665710781567 0.369651614769951
         accErr 0.000000000000000 0.000193196950635 0.001948560584923 0.001689462342674
        AccErr1 0.000000037325062 -0.000000003965354 -0.000000192179330 -0.000436655442356
        AccErr2 -0.000000003965354 0.000003796888353 0.000000067241013 0.000292108779264
        AccErr3 -0.000000192179330 0.000000067241013 0.000002854283007 -0.007656027219020
        AccErr4 -0.000436655442356 0.000292108779264 -0.007656027219020 0.122233430345421
           reco 0.053798661019323 -0.000979802686685 0.126220889344255 0.017146798326056 -0.118232570859918 -0.012097412148533 0.027146694100757
        recoErr 0.000182947434360 0.000975399153014 0.004210386559338 0.006926072173803 0.018513116962624 0.009738628915780 0.019625816898384
       RecoErr1 0.000000033469764 -0.000000000116297 -0.000000531201748 0.000000000011809 0.000001791229206 0.000000002746093 -0.000001547229481
       RecoErr2 -0.000000000116297 0.000000951403508 0.000000016018822 -0.000005803160870 -0.000000111462654 0.000006784618803 0.000000127777528
       RecoErr3 -0.000000531201748 0.000000016018822 0.000017727354979 -0.000000085598483 -0.000072560827526 -0.000000022814750 0.000068536978745
       RecoErr4 0.000000000011809 -0.000005803160870 -0.000000085598483 0.000047970475757 0.000000933142326 -0.000063699920067 -0.000001288002155
       RecoErr5 0.000001791229206 -0.000000111462654 -0.000072560827526 0.000000933142326 0.000342735499672 -0.000000661969048 -0.000351071141503
       RecoErr6 0.000000002746093 0.000006784618803 -0.000000022814750 -0.000063699920067 -0.000000661969048 0.000094840893159 0.000001558771542
       RecoErr7 -0.000001547229481 0.000000127777528 0.000068536978745 -0.000001288002155 -0.000351071141503 0.000001558771542 0.000385172688929
    accXrecoEff 0.035274498704674 0.001665710781567 0.369651614769951 0.053798661019323 -0.000979802686685 0.126220889344255 0.017146798326056 -0.118232570859918 -0.012097412148533 0.027146694100757
 accXrecoEffErr 0.000000000000000 0.000000000000000 0.000000000000000 0.000000000000000 0.000000000000000 0.000000000000000 0.000000000000000 0.000000000000000 0.000000000000000 0.000000000000000
        EffErr1 0.000000000122569 0.000000000010249 -0.000000000547358 -0.000000000062337 0.000000000489630 0.000000000064483 0.000000000000003
        EffErr2 0.000000000010249 0.000000002074499 -0.000000000110211 -0.000000007253482 0.000000000135827 0.000000005683908 0.000000000000012
        EffErr3 -0.000000000547358 -0.000000000110211 0.000000004451028 0.000000000821797 -0.000000004783799 -0.000000000904046 -0.000000000000027
        EffErr4 -0.000000000062337 -0.000000007253482 0.000000000821797 0.000000029770517 -0.000000001031404 -0.000000025357639 -0.000000000000052
        EffErr5 0.000000000489630 0.000000000135827 -0.000000004783799 -0.000000001031404 0.000000005537931 0.000000001182786 0.000000000000030
        EffErr6 0.000000000064483 0.000000005683908 -0.000000000904046 -0.000000025357639 0.000000001182786 0.000000022668335 0.000000000000046
        EffErr7 0.000000000000003 0.000000000000012 -0.000000000000027 -0.000000000000052 0.000000000000030 0.000000000000046 0.000000000000001
           iBin 9.000000000000000
           mode 2012.000000000000000
sigGauss1_sigma 0.032505625972088 0.000129368627027
sigGauss2_sigma 0.081339670113376 0.000535363670068
      sigM_frac 0.758176852217353 0.003890972145227
  bkgGauss_mean 0.133232987350504 0.012560040684774
 bkgGauss_sigma 0.074254001367399 0.011151845357791
bkgGauss_mean_1 0.170955383768678 0.021640978658964
bkgGauss_sigma_1 0.100000029305724 0.005512723197097
       bkg_frac 0.142707435192669 0.024600792828833
Iafb_angular_reco 0.821782946586609 -996.741439066587759
Ifh_angular_reco -0.559100925922394 -183.803628563459142
afb_angular_reco -0.002596005138415 0.000000000000000
fh_angular_reco 0.005195328537345 0.000000000000000
         recofh 0.024245503291761 0.005153739103830 0.005153739103830
        recoafb -0.010532941535622 0.002325142739754 0.002325142739754
        recoFCN -3001231.903488744981587 0.000000000000000
Iafb_angular_gen -0.003540504490957 -0.155376965112964
Ifh_angular_gen -3.308408737182617 -28.335740742157213
afb_angular_gen -0.001652853984030 0.000000000000000
 fh_angular_gen 0.033686555788840 0.000000000000000
          genfh 0.033688653806984 -0.000737638396136 0.000741394849175
         genafb -0.001651779344328 -0.000314366042586 0.000313652815822
         genFCN -31021802.207663968205452 0.000000000000000
Iafb_angular_gen_R -0.038088813424110 -960.180111991071954
Ifh_angular_gen_R -0.244178622961044 -190.050607490638527
afb_angular_gen_R -0.002510614741006 0.000000000000000
fh_angular_gen_R 0.005024560871197 0.000000000000000
Iafb_angular_reco_R 0.129772529006004 -998.904576232064755
Ifh_angular_reco_R -11.762051582336426 -210.192887202156840
afb_angular_reco_R -0.002270090766883 0.000000000000000
fh_angular_reco_R 0.004543076917064 0.000000000000000
        recoRfh 0.010560606401147 0.004480913353746 0.004480913353746
       recoRafb -0.003056360334134 0.002269227583967 0.002269227583967
        genfh_R 0.020259680724907 -0.001977632093198 0.002021539235414
       genafb_R -0.004486021596023 -0.000673916196248 0.000664695252360
       genFCN_R -59361682.946649529039860 0.000000000000000
 Iafb_angular2D -1.706567525863647 -2.211264217606754
  Ifh_angular2D -0.484880059957504 -2.394369646612972
  afb_angular2D -0.137823892620473 0.000000000000000
   fh_angular2D 0.377794695762395 0.000000000000000
             fh 0.378563129972066 0.000000000000000 0.212657950449154
            afb -0.137990600786878 0.000000000000000 0.067560953421585
            FCN -23381.194796092509932 0.000000000000000
        GENreco 0.053826165927843 -0.000925139070921 0.125968879348294 0.017364417907447 -0.119217339022645 -0.012903648033009 0.029379039301364
     GENrecoErr 0.000182976290179 0.000975290975911 0.004209784961756 0.006923537839240 0.018504601678650 0.009736668463627 0.019613200277977
accXrecoEff-GEN 0.035274498704674 0.001665710781567 0.369651614769951 0.053798661019323 -0.000979802686685 0.126220889344255 0.017146798326056 -0.118232570859918 -0.012097412148533 0.027146694100757
accXrecoEff-GENErr 0.000000000000000 0.000000000000000 0.000000000000000 0.000000000000000 0.000000000000000 0.000000000000000 0.000000000000000 0.000000000000000 0.000000000000000 0.000000000000000
     Dimuonreco 0.053875751496567 -0.000966264486403 0.125436886775246 0.016670052346421 -0.114199906041582 -0.010374831037692 0.023745926227655
  DimuonrecoErr 0.000183058150375 0.000975910344705 0.004213121950982 0.006930757924704 0.018528257122225 0.009746111066344 0.019642653157814
accXrecoEffDimuon 0.035274498704674 0.001665710781567 0.369651614769951 0.053875751496567 -0.000966264486403 0.125436886775246 0.016670052346421 -0.114199906041582 -0.010374831037692 0.023745926227655
accXrecoEffDimuonErr 0.000000000000000 0.000000000000000 0.000000000000000 0.000000000000000 0.000000000000000 0.000000000000000 0.000000000000000 0.000000000000000 0.000000000000000 0.000000000000000
Iafb_angular_reco_D 0.359837979078293 -999.583591859256558
Ifh_angular_reco_D 0.466024726629257 -189.768376550579887
afb_angular_reco_D -0.002514414315331 0.000000000000000
fh_angular_reco_D 0.005032033456102 0.000000000000000
        recoDfh 0.011085210621606 0.004499310816538 0.004499310816538
       recoDafb -0.004195185285908 0.002272468842498 0.002272468842498
       recoDFCN -2997649.926845871377736 0.000000000000000
    bkgCombL_c0 -0.031562164951859 0.044877631150677
    bkgCombL_c1 0.034118625885952 0.042195764104794
    bkgCombL_c2 -2.030428744158319 0.134845941092532
    bkgCombL_c3 1.045079487722944 0.137248254137784
        FCErrFh -0.206402289958813 0.168050286835317
       FCErrAfb -0.093719576119001 0.070362377355905
   Pro_Fh_shape -0.001282752055364 -2.006040750891130 0.346685296284356 -0.185363764477963 0.308194076860850 -0.000329103456913 2.002211725574068
  Pro_Afb_shape 0.002752431051546 -0.505530973174725 -0.128905118070339 -0.023080611753865
 FH_migrad_bin9 0.000000000000000 -23381.194803797170607
 FH_fh_migrad_9 0.378563135862350 0.000000000000000 0.000000000000000 0.000000000000000
FH_afb_migrad_9 -0.137613126359004 0.000000000000000 0.000000000000000 0.000000000000000
     FH_hesse_9 0.000000000000000
  FH_fh_hesse_9 0.378563135862350 0.000000000000000 0.000000000000000 0.000000000000000
 FH_afb_hesse_9 -0.137613126359004 0.000000000000000 0.000000000000000 0.000000000000000
     FH_minos_9 0.000000000000000
AFB_migrad_bin9 0.000000000000000 -23381.194855450925388
AFB_fh_migrad_9 0.377161609039002 0.000000000000000 0.000000000000000 0.000000000000000
AFB_afb_migrad_9 -0.137990593910217 0.000000000000000 0.000000000000000 0.000000000000000
    AFB_hesse_9 0.000000000000000
 AFB_fh_hesse_9 0.377161609039002 0.000000000000000 0.000000000000000 0.000000000000000
AFB_afb_hesse_9 -0.137990593910217 0.000000000000000 0.000000000000000 0.000000000000000
    AFB_minos_9 0.000000000000000
       NLLErrFh -0.195163129972066 0.207976870027934
      NLLErrAfb   -0.073814399213122    0.070220600786878
