            acc -0.003230969429014 0.034944745566119 -0.000796687320761 0.524983305634669
         accErr 0.000942551417819 0.000867464735263 0.002874434694960 0.013443163134294
        AccErr1 0.000000888403175 -0.000000799777813 -0.000000047546068 -0.000012299589502
        AccErr2 -0.000000799777813 0.000000752495067 0.000000037813169 0.000010703462141
        AccErr3 -0.000000047546068 0.000000037813169 0.000008262374816 0.000000795529893
        AccErr4   -0.000012299589502    0.000010703462141    0.000000795529893    0.000180718635055
           reco 0.049651962713027 0.001399556373264 0.103082197030419 0.009493821007003 -0.075776773635918 0.000029753710619 0.003783330752650
        recoErr 0.000191417852715 0.000931999830328 0.003820104249065 0.005782373914505 0.015044398379310 0.007272711570254 0.014569456101543
       RecoErr1 0.000000036640794 -0.000000000280392 -0.000000511792675 0.000000002992784 0.000001561932401 -0.000000003825078 -0.000001247850051
       RecoErr2 -0.000000000280392 0.000000868623684 0.000000051399576 -0.000004687867076 -0.000000299247732 0.000004986063934 0.000000336438871
       RecoErr3 -0.000000511792675 0.000000051399576 0.000014593196474 -0.000000364172692 -0.000053856399325 0.000000432841627 0.000047009316274
       RecoErr4 0.000000002992784 -0.000004687867076 -0.000000364172692 0.000033435848087 0.000002495761739 -0.000040059949143 -0.000003050768066
       RecoErr5 0.000001561932401 -0.000000299247732 -0.000053856399325 0.000002495761739 0.000226333922595 -0.000003194030226 -0.000212817675525
       RecoErr6 -0.000000003825078 0.000004986063934 0.000000432841627 -0.000040059949143 -0.000003194030226 0.000052892333584 0.000004280793570
       RecoErr7 -0.000001247850051 0.000000336438871 0.000047009316274 -0.000003050768066 -0.000212817675525 0.000004280793570 0.000212269051095
    accXrecoEff 0.001586081670458 -0.000003950788422 -0.000333330451034 0.000311110307501 -0.003144520599294 -0.000290336923081 0.002169767946959
 accXrecoEffErr 0.000011116950181 0.000050093018980 0.000084555349228 0.000219100077257 0.000106260359510 0.000211972387951 0.000000068802182
        EffErr1 0.000000000123587 0.000000000016140 -0.000000000663787 -0.000000000102311 0.000000000661837 0.000000000109406 0.000000000000005
        EffErr2 0.000000000016140 0.000000002509311 -0.000000000178035 -0.000000009883315 0.000000000216497 0.000000008407948 0.000000000000002
        EffErr3 -0.000000000663787 -0.000000000178035 0.000000007149607 0.000000001466127 -0.000000008570876 -0.000000001710913 -0.000000000000055
        EffErr4 -0.000000000102311 -0.000000009883315 0.000000001466127 0.000000048004844 -0.000000001880566 -0.000000045092416 -0.000000000000016
        EffErr5 0.000000000661837 0.000000000216497 -0.000000008570876 -0.000000001880566 0.000000011291264 0.000000002374637 0.000000000000068
        EffErr6 0.000000000109406 0.000000008407948 -0.000000001710913 -0.000000045092416 0.000000002374637 0.000000044932293 0.000000000000020
        EffErr7 0.000000000000005 0.000000000000002 -0.000000000000055 -0.000000000000016 0.000000000000068 0.000000000000020 0.000000000000005
           iBin 2.000000000000000
           mode 2012.000000000000000
sigGauss1_sigma 0.031816451771864 0.000133919275601
sigGauss2_sigma 0.078250831908996 0.000575611810422
      sigM_frac 0.774090355894249 0.004222778118139
  bkgGauss_mean 0.043978474099537 0.013861497446760
 bkgGauss_sigma 0.100000021943731 0.005085599058691
bkgGauss_mean_1 0.047287129754241 0.023960198507995
bkgGauss_sigma_1 0.460585779068100 0.025255536943521
       bkg_frac 0.201269675855167 0.027122787023958
Iafb_angular_reco -0.051361158490181 -0.824892019967251
Ifh_angular_reco -8.483263969421387 -106.746529845962641
afb_angular_reco -0.001963983353329 0.000000000000000
fh_angular_reco 0.008945506020582 0.000000000000000
         recofh 0.008983523028669 -0.004144357740529 0.004259496322344
        recoafb -0.001933892852880 -0.001641775472348 0.001638929071366
        recoFCN -2569375.891556472517550 0.000000000000000
Iafb_angular_gen -0.374892204999924 -0.119241066844893
Ifh_angular_gen -0.340256422758102 -67.160011468760558
afb_angular_gen -0.000537104452004 0.000000000000000
 fh_angular_gen 0.014217673220659 0.000000000000000
          genfh 0.014220974394671 -0.000680475844225 0.000685778563766
         genafb -0.000536399311402 -0.000299765603311 0.000298834998654
         genFCN -26793597.691929418593645 0.000000000000000
Iafb_angular_gen_R 0.191995635628700 996.983687268490712
Ifh_angular_gen_R -1.803064227104187 -135.540016417145580
afb_angular_gen_R 0.003520372073854 0.000000000000000
fh_angular_gen_R 0.007045242856620 0.000000000000000
Iafb_angular_reco_R -0.300248146057129 -0.868270247591340
Ifh_angular_reco_R -1.329573988914490 -115.591026994823437
afb_angular_reco_R -0.001880165461508 0.000000000000000
fh_angular_reco_R 0.008261072344014 0.000000000000000
        recoRfh 0.008260550947494 -0.004107362262111 0.004244510039674
       recoRafb -0.001879289518952 0.000000000000000 0.001631544664821
        genfh_R 0.016592493087328 -0.001220255924476 0.001221538664484
       genafb_R 0.000732918625362 -0.000472261368523 0.000468971249463
       genFCN_R -54433357.044900678098202 0.000000000000000
 Iafb_angular2D -0.000681540172081 -0.000414288707184
  Ifh_angular2D 0.005851167254150 0.001141044976028
  afb_angular2D -0.000414288707184 0.000000000000000
   fh_angular2D 0.001141044976028 0.000000000000000
             fh 0.001141044976028 0.000000000000000 0.031083237166235
            afb -0.000414288707184 0.000000000000000 0.000000000000000
            FCN -17048.704680911254400 0.000000000000000
        GENreco 0.049659347047038 0.001488036557825 0.103402621595983 0.009310321976739 -0.077786567271201 -0.000161212247192 0.005614791694258
     GENrecoErr 0.000191450367557 0.000932187274817 0.003822201115389 0.005782935998496 0.015056364074699 0.007273186080054 0.014583295317549
accXrecoEff-GEN 0.001571919030455 0.000005907918725 0.000042096275225 0.000253803721952 -0.004408385963548 -0.000232996711242 0.003183436899150 0.000000000000000 0.000000000000000 0.000000000000000
accXrecoEff-GENErr 0.000012750653548 0.000050227680161 0.000181582270987 0.000220354890267 0.000546024526272 0.000213515162303 0.000428063331521 0.000000000000000 0.000000000000000 0.000000000000000
     Dimuonreco 0.049595538791882 0.001162902731339 0.103254032929827 0.010734110341017 -0.075281666685053 -0.001358621680051 0.002304669112537
  DimuonrecoErr 0.000191285743183 0.000931381731274 0.003817234484037 0.005773258732072 0.015023449212918 0.007254425187360 0.014534953408273
accXrecoEffDimuon 0.001569969612513 -0.000001220627357 0.000044187512103 0.000281495979225 -0.004380781729634 -0.000255588336822 0.003146395867252 0.000000000000000 0.000000000000000 0.000000000000000
accXrecoEffDimuonErr 0.000012734426185 0.000050154412043 0.000181361322495 0.000219601592835 0.000544774588804 0.000212210956295 0.000426221395540 0.000000000000000 0.000000000000000 0.000000000000000
Iafb_angular_reco_D -0.193947330117226 -0.654985397528776
Ifh_angular_reco_D -0.068815596401691 -98.705374840579680
afb_angular_reco_D -0.001785656517750 0.000000000000000
fh_angular_reco_D 0.009674214708641 0.000000000000000
        recoDfh 0.009680485915147 -0.004166738077633 0.004285087342862
       recoDafb -0.001781343552822 -0.001647160609889 0.001643871724116
       recoDFCN -2571290.392710390035063 0.000000000000000
    bkgCombL_c0 -0.092898735727840 0.077763214981130
    bkgCombL_c1 0.100430264240692 0.075166985480258
    bkgCombL_c2 -1.551885040035627 0.151692859107117
    bkgCombL_c3 0.624741640423407 0.146918485652315
        FCErrFh -0.001141044976028 0.018385227142506
       FCErrAfb -0.040631650367182 0.042935161774057
  Pro_Afb_shape 0.000962035403418 -0.505510486112602 -0.074924518898737 -0.046072834815426
   Pro_Fh_shape 0.000990347674914 -1.990021674632558 0.083240164982108 0.009266210125205 8.956288422022654 0.000682324190200 1.993109624940231
 FH_migrad_bin2 0.000000000000000 -17048.704270762056694
 FH_fh_migrad_2 0.001141045009717 0.000000000000000 0.000000000000000 0.000000000000000
FH_afb_migrad_2 -0.000398359312464 0.000000000000000 0.000000000000000 0.000000000000000
     FH_hesse_2 0.000000000000000
  FH_fh_hesse_2 0.001141045009717 0.000000000000000 0.000000000000000 0.000000000000000
 FH_afb_hesse_2 -0.000398359312464 0.000000000000000 0.000000000000000 0.000000000000000
     FH_minos_2 6.000000000000000
AFB_migrad_bin2 0.000000000000000 -17048.697337348559813
AFB_fh_migrad_2 0.001452861297928 0.000000000000000 0.000000000000000 0.000000000000000
AFB_afb_migrad_2 -0.000414288719185 0.000000000000000 0.000000000000000 0.000000000000000
    AFB_hesse_2 0.000000000000000
 AFB_fh_hesse_2 0.001452861297928 0.000000000000000 0.000000000000000 0.000000000000000
AFB_afb_hesse_2 -0.000414288719185 0.000000000000000 0.000000000000000 0.000000000000000
    AFB_minos_2 6.000000000000000
       NLLErrFh -0.001141044976028 0.033508955023972
      NLLErrAfb -0.020465711292816 0.004868288707184
    ParFCC_FH_R -0.151460801036753 1.176207767752607 -0.575298462079552
    ParFCC_FH_L 0.017695694981702 1.606400047211822 -1.841472090092631
   ParFCC_AFB_R -0.040601201454691 1.073337619185878 -0.384333027793204
   ParFCC_AFB_L 0.042955475174245 1.049328008492119 0.714519670586443
           Nsig 785.108143700093933 41.781025072186139
       NbkgComb 1584.890982259717248 50.445961392799859
