            acc 0.037385091559718 0.001799540177894 -0.062527232512910 0.335461668990935
         accErr 0.001335992932801 0.001114503959920 0.108294466608652 0.349618978811821
        AccErr1 0.000001784877116 -0.000001343693817 0.000024038057344 -0.000436655442356
        AccErr2 -0.000001343693817 0.000001242119077 -0.000015357202350 0.000292108779264
        AccErr3 0.000024038057344 -0.000015357202350 0.011727691498052 -0.007656027219020
        AccErr4   -0.000436655442356    0.000292108779264   -0.007656027219020    0.122233430345421
           reco 0.032304826094540 -0.000094507702328 0.017084284459522 0.005268936460032 0.028164724110477 -0.005904833280575 -0.015547674508222
        recoErr 0.000236794341919 0.000989830709311 0.003795537725547 0.005077277249719 0.012897392148990 0.005548706979122 0.011142937547416
       RecoErr1 0.000000056071560 0.000000000085430 -0.000000649936727 -0.000000000251072 0.000001742161327 0.000000000870393 -0.000001263964426
       RecoErr2 0.000000000085430 0.000000979764833 0.000000005940453 -0.000004484104684 -0.000000021599381 0.000004244193675 0.000000008530277
       RecoErr3 -0.000000649936727 0.000000005940453 0.000014406106626 -0.000000023788404 -0.000046391205191 -0.000000008375068 0.000036736739873
       RecoErr4 -0.000000000251072 -0.000004484104684 -0.000000023788404 0.000025778744271 0.000000059701612 -0.000027109546657 0.000000040696398
       RecoErr5 0.000001742161327 -0.000000021599381 -0.000046391205191 0.000000059701612 0.000166342724245 0.000000112681703 -0.000140352535334
       RecoErr6 0.000000000870393 0.000004244193675 -0.000000008375068 -0.000027109546657 0.000000112681703 0.000030788149140 -0.000000241480001
       RecoErr7 -0.000001263964426 0.000000008530277 0.000036736739873 0.000000040696398 -0.000140352535334 -0.000000241480001 0.000124165057186
    accXrecoEff 0.001265112248544 -0.000037814367404 0.000393995603071 0.000368933766038 0.001599057361012 -0.000457961829966 -0.001021263598515
 accXrecoEffErr 0.000018045883915 0.000077118726199 0.000298726022748 0.000411032488163 0.001044176587738 0.000461925525547 0.000922655834759
        EffErr1 0.000000000325654 0.000000000008443 -0.000000003887954 -0.000000000034851 0.000000010668009 0.000000000026890 -0.000000007876471
        EffErr2 0.000000000008443 0.000000005947298 -0.000000000160759 -0.000000028181700 0.000000000307245 0.000000027320993 -0.000000000166412
        EffErr3 -0.000000003887954 -0.000000000160759 0.000000089237237 0.000000000352564 -0.000000294861994 -0.000000000065988 0.000000237877211
        EffErr4 -0.000000000034851 -0.000000028181700 0.000000000352564 0.000000168947706 0.000000000711443 -0.000000182331736 -0.000000001058485
        EffErr5 0.000000010668009 0.000000000307245 -0.000000294861994 0.000000000711443 0.000001090304746 -0.000000001617351 -0.000000939625237
        EffErr6 0.000000000026890 0.000000027320993 -0.000000000065988 -0.000000182331736 -0.000000001617351 0.000000213375191 0.000000001329367
        EffErr7 -0.000000007876471 -0.000000000166412 0.000000237877211 -0.000000001058485 -0.000000939625237 0.000000001329367 0.000000851293789
           iBin 8.000000000000000
           mode 2012.000000000000000
sigGauss1_sigma 0.030912238007700 0.000320988273621
sigGauss2_sigma 0.063238634643990 0.000775436601287
      sigM_frac 0.688888790801631 0.012715142428397
  bkgGauss_mean 0.100000508999019 0.036579639972359
 bkgGauss_sigma 0.299963190870662 0.146333589156560
bkgGauss_mean_1 0.299835595491201 0.499912150620169
bkgGauss_sigma_1 1.999763932328323 1.501987585827287
       bkg_frac 0.168070204531369 0.075482769432056
Iafb_angular_reco -0.000498343026266 2.829827724080587
Ifh_angular_reco -10.533037185668945 -95.275272893815668
afb_angular_reco 0.003927570355833 0.000000000000000
fh_angular_reco 0.010022480813578 0.000000000000000
         recofh 0.010031721775257 -0.002460042696637 0.002592451673137
        recoafb 0.003921767871996 -0.001153871738865 0.001169622655758
        recoFCN -726480.791473435820080 0.000000000000000
Iafb_angular_gen -0.743208825588226 1.086490742403043
Ifh_angular_gen -0.534681618213654 -101.330909779023727
afb_angular_gen 0.002480162932411 0.000000000000000
 fh_angular_gen 0.009423567420053 0.000000000000000
          genfh 0.009424537383866 -0.001128596693285 0.001163086943070
         genafb 0.002465218951897 -0.000499071176287 0.000525487938145
         genFCN -7349414.330338075757027 0.000000000000000
Iafb_angular_gen_R 0.171395108103752 863.179428420110298
Ifh_angular_gen_R -8.489526748657227 -240.724018530968920
afb_angular_gen_R 0.001981978964039 0.000000000000000
fh_angular_gen_R 0.003966883618072 0.000000000000000
Iafb_angular_reco_R -0.000477574154502 3.912173306676664
Ifh_angular_reco_R -8.603674888610840 -101.035838460214791
afb_angular_reco_R 0.003972685966735 0.000000000000000
fh_angular_reco_R 0.009451086795309 0.000000000000000
        recoRfh 0.009455694394866 0.000000000000000 0.002555880017886
       recoRafb 0.003960240402202 -0.001131902159095 0.001161318766187
        genfh_R 0.004551372214624 -0.000506141116343 0.000521117083846
       genafb_R 0.001747962381132 -0.000240552687356 0.000240029904330
       genFCN_R -26355193.116299569606781 0.000000000000000
 Iafb_angular2D 2.516143321990967 999.561475762023065
  Ifh_angular2D 0.479106009006500 -8.682803408597238
  afb_angular2D 0.054713625220687 0.000000000000000
   fh_angular2D 0.109496988948322 0.000000000000000
             fh 0.101536677647730 0.000000000000000 0.107012195436925
            afb 0.047737622072274 -0.031304601597034 0.000000000000000
            FCN -2803.083868643097503 0.000000000000000
        GENreco 0.032331846994868 -0.000252916001842 0.016061254724606 0.006465936212522 0.032822840672464 -0.007322240183335 -0.020168229987049
     GENrecoErr 0.000236852635810 0.000989239994748 0.003795337236850 0.005072081130721 0.012890364447346 0.005538901840483 0.011128839259330
accXrecoEff-GEN 0.001266195513840 -0.000044423369546 0.000357387484365 0.000419144618904 0.001766445046793 -0.000516419029281 -0.001188069626233 0.000000000000000 0.000000000000000 0.000000000000000
accXrecoEff-GENErr 0.000018054144728 0.000077033351144 0.000298668022355 0.000410224302773 0.001042937417427 0.000460348347635 0.000920228991612 0.000000000000000 0.000000000000000 0.000000000000000
     Dimuonreco 0.032203853471926 -0.000228154582053 0.016418089119865 0.006040767824757 0.029258023874705 -0.006316828068632 -0.015941174118156
  DimuonrecoErr 0.000236353335474 0.000988065135096 0.003787573513639 0.005068448984217 0.012872904030840 0.005539473355918 0.011123572153974
accXrecoEffDimuon 0.001261050742463 -0.000043904665126 0.000370085120762 0.000403890013494 0.001636478519550 -0.000479389782272 -0.001034976062998 0.000000000000000 0.000000000000000 0.000000000000000
accXrecoEffDimuonErr 0.000017985290888 0.000076870446581 0.000297600044005 0.000409711133042 0.001040623014310 0.000460485287952 0.000919768227376 0.000000000000000 0.000000000000000 0.000000000000000
Iafb_angular_reco_D 0.011166160926223 4.049861377239722
Ifh_angular_reco_D -12.341756820678711 -109.951919274707734
afb_angular_reco_D 0.003673153714221 0.000000000000000
fh_angular_reco_D 0.008684735442025 0.000000000000000
        recoDfh 0.008702264968886 0.000000000000000 0.002510166512126
       recoDafb 0.003667775843354 -0.001119222779850 0.001132313488413
       recoDFCN -729892.715309786144644 0.000000000000000
    bkgCombL_c0 0.117696745178452 0.713052766629332
    bkgCombL_c1 -0.234852930023630 0.582418626276812
    bkgCombL_c2 2.999960652500111 0.806768706645324
    bkgCombL_c3 -2.412694324099612 0.449282091599697
        FCErrFh -0.100323301785068 0.063977399680270
       FCErrAfb -0.042907224462541 0.053698275751912
  Pro_Afb_shape 0.000029823681379 0.496957154130552 0.063952062092052 0.035854347545700
   Pro_Fh_shape 0.000000000000000 0.000000000000000 0.089412750200502 -0.783776418497318 4.048862059382785 0.001602848221624 1.993485597074340
 FH_migrad_bin8 0.000000000000000 -2803.103925182936109
 FH_fh_migrad_8 0.101536676287651 0.000000000000000 0.000000000000000 0.000000000000000
FH_afb_migrad_8 0.050149684702401 0.000000000000000 0.000000000000000 0.000000000000000
     FH_hesse_8 0.000000000000000
  FH_fh_hesse_8 0.101536676287651 0.000000000000000 0.000000000000000 0.000000000000000
 FH_afb_hesse_8 0.050149684702401 0.000000000000000 0.000000000000000 0.000000000000000
     FH_minos_8 6.000000000000000
AFB_migrad_bin8 0.000000000000000 -2803.089997518516611
AFB_fh_migrad_8 0.098846182938990 0.000000000000000 0.000000000000000 0.000000000000000
AFB_afb_migrad_8 0.047737620770931 0.000000000000000 0.000000000000000 0.000000000000000
    AFB_hesse_8 0.000000000000000
 AFB_fh_hesse_8 0.098846182938990 0.000000000000000 0.000000000000000 0.000000000000000
AFB_afb_hesse_8 0.047737620770931 0.000000000000000 0.000000000000000 0.000000000000000
    AFB_minos_8 6.000000000000000
       NLLErrFh -0.059926677648109 0.099338322351891
      NLLErrAfb -0.032572622071906 0.059082377928094
    ParFCC_FH_R -0.060946668639180 0.562939855267695 0.485077488441077
    ParFCC_FH_L 0.019225065623117 1.492458150182455 -0.509251672483846
   ParFCC_AFB_R -0.045017227170552 1.099877482818083 -1.166323003340063
   ParFCC_AFB_L 0.048281464186907 1.086189205078294 0.571484038497306
           Nsig 225.875156502248984 20.404085773687797
       NbkgComb 286.264033503900407 21.831325480194209
