            acc -1.355044800419074 1.387731574172081 0.002421077471795 7.340858647456147
         accErr 6.627657749912503 6.627619109392414 0.017314618613181 17.775298458123864
        AccErr1 43.925847249975263 -43.925591111352297 0.009033192761839 -117.798961406802192
        AccErr2 -43.925591111352297 43.925335059183503 -0.009033004136173 117.798231250557549
        AccErr3 0.009033192761839 -0.009033004136173 0.000299796017720 -0.023664345086701
        AccErr4 -117.798961406802192  117.798231250557549   -0.023664345086701  315.961235275380659
           reco 0.036792707099054 0.003761670367620 0.032724365241809 -0.005662627150612 0.039923607687047 0.015027643297541 -0.047601442355965
        recoErr 0.000267229596978 0.001154106217964 0.004454427310750 0.006102697962154 0.015470372381512 0.006777967447459 0.013548645584326
       RecoErr1 0.000000071411658 -0.000000000395146 -0.000000852815780 0.000000005117498 0.000002324984396 -0.000000007954745 -0.000001704045968
       RecoErr2 -0.000000000395146 0.000001331961162 0.000000123426758 -0.000006248568326 -0.000000597865111 0.000005991503452 0.000000606171702
       RecoErr3 -0.000000852815780 0.000000123426758 0.000019841922667 -0.000000706989950 -0.000065136068948 0.000000806957884 0.000052130417917
       RecoErr4 0.000000005117498 -0.000006248568326 -0.000000706989950 0.000037242922417 0.000003999961253 -0.000039758534503 -0.000004415922087
       RecoErr5 0.000002324984396 -0.000000597865111 -0.000065136068948 0.000003999961253 0.000239332421623 -0.000004819475875 -0.000204541071550
       RecoErr6 -0.000000007954745 0.000005991503452 0.000000806957884 -0.000039758534503 -0.000004819475875 0.000045940842719 0.000005658812807
       RecoErr7 -0.000001704045968 0.000000606171702 0.000052130417917 -0.000004415922087 -0.000204541071550 0.000005658812807 0.000183565797170
    accXrecoEff 0.001190818256924 0.000018734496380 0.000939781734952 0.000443591863098 -0.000577121524268 -0.000316147662610 -0.000243269264154
 accXrecoEffErr 0.000017773676987 0.000076159644743 0.000290847700991 0.000395138339546 0.000991745422832 0.000429989523766 0.000855903789649
        EffErr1 0.000000000315904 -0.000000000013201 -0.000000003701469 0.000000000067871 0.000000009907699 -0.000000000060107 -0.000000007160803
        EffErr2 -0.000000000013201 0.000000005800291 0.000000000986016 -0.000000026702172 -0.000000004431411 0.000000025192125 0.000000004176853
        EffErr3 -0.000000003701469 0.000000000986016 0.000000084592385 -0.000000004943042 -0.000000272629357 0.000000004632838 0.000000215208383
        EffErr4 0.000000000067871 -0.000000026702172 -0.000000004943042 0.000000156134307 0.000000027055970 -0.000000163698901 -0.000000028128325
        EffErr5 0.000000009907699 -0.000000004431411 -0.000000272629357 0.000000027055970 0.000000983558984 -0.000000028143142 -0.000000828963664
        EffErr6 -0.000000000060107 0.000000025192125 0.000000004632838 -0.000000163698901 -0.000000028143142 0.000000184890991 0.000000031911477
        EffErr7 -0.000000007160803 0.000000004176853 0.000000215208383 -0.000000028128325 -0.000000828963664 0.000000031911477 0.000000732571297
           iBin 6.000000000000000
           mode 2012.000000000000000
sigGauss1_sigma 0.029797456556537 0.000245115236663
sigGauss2_sigma 0.065501166817228 0.000751416686162
      sigM_frac 0.720121544436632 0.009381687144163
  bkgGauss_mean -0.649189433058437 0.051508096274865
 bkgGauss_sigma 0.136707928093665 0.043882396647411
bkgGauss_mean_1 -0.605759028250944 0.042604916059587
bkgGauss_sigma_1 0.152086486508490 0.043254237782527
       bkg_frac 0.206328165441612 0.085511623330079
Iafb_angular_reco -0.133165404200554 2.465119768333011
Ifh_angular_reco -1.160108327865601 -160.346210628144377
afb_angular_reco 0.002247137032759 0.000000000000000
fh_angular_reco 0.005955346713559 0.000000000000000
         recofh 0.005838293019240 0.000000000000000 0.003151453021034
        recoafb 0.002269160534554 -0.001359810493835 0.000000000000000
        recoFCN -748572.084968291223049 0.000000000000000
Iafb_angular_gen -0.032183364033699 0.512230938170660
Ifh_angular_gen -4.517617702484131 -132.082536589914980
afb_angular_gen 0.001089385940031 0.000000000000000
 fh_angular_gen 0.007229656835666 0.000000000000000
          genfh 0.007211926279152 -0.001061511103546 0.001123931268023
         genafb 0.001096292032072 -0.000494248227166 0.000480620739567
         genFCN -7954958.771737207658589 0.000000000000000
Iafb_angular_gen_R 0.997871935367584 0.120919859418336
Ifh_angular_gen_R -1.511986732482910 -87.676415412085589
afb_angular_gen_R 0.000417171012581 0.000000000000000
fh_angular_gen_R 0.010891050338524 0.000000000000000
Iafb_angular_reco_R -0.005172244738787 2.809505078743769
Ifh_angular_reco_R -17.097936630249023 -163.282121895489240
afb_angular_reco_R 0.002287569705565 0.000000000000000
fh_angular_reco_R 0.005848268681224 0.000000000000000
        recoRfh 0.005847203620642 0.000000000000000 0.003055586387362
       recoRafb 0.002285523489084 -0.001330935470502 0.000000000000000
        genfh_R 0.010897055806699 -0.000868663582253 0.000882177956579
       genafb_R 0.000415982822155 -0.000379326503668 0.000378280091284
       genFCN_R -22431344.615999791771173 0.000000000000000
 Iafb_angular2D -0.159025862812996 117.611712469332133
  Ifh_angular2D 0.236021220684052 -44.314100898835250
  afb_angular2D 0.010714418925120 0.000000000000000
   fh_angular2D 0.021545458329371 0.000000000000000
             fh 0.025522209393711 0.000000000000000 0.138946532058394
            afb 0.011368243988912 0.000000000000000 0.000000000000000
            FCN -2559.747935526079345 0.000000000000000
        GENreco 0.036826979965055 0.003705764625347 0.032081494567298 -0.004915669230854 0.041679580356453 0.013922249397873 -0.048797283058413
     GENrecoErr 0.000267361359892 0.001153791768162 0.004454484821069 0.006102108092609 0.015467537423710 0.006778494380004 0.013545896844235
accXrecoEff-GEN 0.001191934070824 0.000017616720546 0.000918122967048 0.000463660313488 -0.000514892909616 -0.000347053325768 -0.000286393280833 0.000000000000000 0.000000000000000 0.000000000000000
accXrecoEff-GENErr 0.000017789683179 0.000076122801860 0.000290882226496 0.000395079184160 0.000991504410062 0.000430069400932 0.000855645062391 0.000000000000000 0.000000000000000 0.000000000000000
     Dimuonreco 0.037318346919946 0.003605742317447 0.030131318793282 -0.004265105677233 0.051764610372868 0.013513760225631 -0.058518938201871
  DimuonrecoErr 0.000268814286891 0.001159823164355 0.004476484638165 0.006128018420409 0.015539072859419 0.006796216400902 0.013594569650874
accXrecoEffDimuon 0.001207497717047 0.000014148406733 0.000870865436696 0.000486697677638 -0.000288871246727 -0.000363315282444 -0.000507170031908 0.000000000000000 0.000000000000000 0.000000000000000
accXrecoEffDimuonErr 0.000017967804561 0.000076864728853 0.000293545739168 0.000398291706575 0.001000125210163 0.000432249099809 0.000861526923068 0.000000000000000 0.000000000000000 0.000000000000000
Iafb_angular_reco_D 0.377725839614868 10.023096260199281
Ifh_angular_reco_D -4.971122264862061 -165.289231150661635
afb_angular_reco_D 0.002705760578608 0.000000000000000
fh_angular_reco_D 0.005777254823066 0.000000000000000
        recoDfh 0.005812437875420 0.000000000000000 0.003448882356712
       recoDafb 0.002708381476836 -0.001486686929743 0.000000000000000
       recoDFCN -739372.133571029757150 0.000000000000000
    bkgCombL_c0 -0.410479507544052 0.420404847584664
    bkgCombL_c1 0.410956102600185 0.429248086683241
    bkgCombL_c2 -0.554573033905382 0.166626643379597
    bkgCombL_c3 0.000000000000000 0.000000000000000
        FCErrFh -0.025522209393711 0.034385170326372
       FCErrAfb -0.046359260280964 0.056152107153180
  Pro_Afb_shape -0.000152392060410 0.482393208404166 0.013112823621526 -0.068802776434161
   Pro_Fh_shape 0.002191932785045 -1.992710677776499 0.025240019104629 -0.655605538076123 6.759644762678697 0.000795352064550 2.038396404533085
 FH_migrad_bin6 0.000000000000000 -2559.747619847641545
 FH_fh_migrad_6 0.025522209703922 0.000000000000000 0.000000000000000 0.000000000000000
FH_afb_migrad_6 0.011370556936078 0.000000000000000 0.000000000000000 0.000000000000000
     FH_hesse_6 0.000000000000000
  FH_fh_hesse_6 0.025522209703922 0.000000000000000 0.000000000000000 0.000000000000000
 FH_afb_hesse_6 0.011370556936078 0.000000000000000 0.000000000000000 0.000000000000000
     FH_minos_6 6.000000000000000
AFB_migrad_bin6 0.000000000000000 -2559.747616437551642
AFB_fh_migrad_6 0.026340167494457 0.000000000000000 0.000000000000000 0.000000000000000
AFB_afb_migrad_6 0.011368243955076 0.000000000000000 0.000000000000000 0.000000000000000
    AFB_hesse_6 0.000000000000000
 AFB_fh_hesse_6 0.026340167494457 0.000000000000000 0.000000000000000 0.000000000000000
AFB_afb_hesse_6 0.011368243955076 0.000000000000000 0.000000000000000 0.000000000000000
    AFB_minos_6 6.000000000000000
       NLLErrFh -0.025522209393711 0.138937790606289
      NLLErrAfb -0.058928243988912 0.047661756011088
    ParFCC_FH_R -0.123732220570039 0.923814299274671 -0.125113604723606
    ParFCC_FH_L 0.001010850280594 2.399899359064609 -3.614162333893359
   ParFCC_AFB_R -0.047576807930780 1.115358735142670 -0.726406666202259
   ParFCC_AFB_L 0.054745702312840 1.116428262655417 0.640837852950472
           Nsig 214.681468115225812 19.276626945895046
       NbkgComb 248.318518241784290 20.129945143648854
