            acc 0.000000000000000 0.035763457412543 0.004662373728256 0.355897000869383
         accErr 0.000000000000000 0.000287891516231 0.002740989645108 0.002287592943531
        AccErr1 0.000000082881525 -0.000000002431451 -0.000000381628209 0.000000000000000
        AccErr2 -0.000000002431451 0.000007513024235 0.000000077211242 0.000000000000000
        AccErr3 -0.000000381628209 0.000000077211242 0.000005233081475 0.000000000000000
        AccErr4 0.000000000000000 0.000000000000000 0.000000000000000 0.000000000000000
           reco 0.054816814165262 -0.001456796810759 0.125977495693862 0.018391875314942 -0.101445787014623 -0.012627146688468 0.006267427478333
        recoErr 0.000273066249203 0.001474012165880 0.006454133336744 0.010834777341524 0.029282224827818 0.015809077435881 0.032035350356585
       RecoErr1 0.000000074565176 -0.000000000146111 -0.000001217854225 -0.000000004748619 0.000004231876888 0.000000017147617 -0.000003759692947
       RecoErr2 -0.000000000146111 0.000002172711865 -0.000000001790433 -0.000013721414937 -0.000000003512557 0.000016594002415 -0.000000005589868
       RecoErr3 -0.000001217854225 -0.000000001790433 0.000041655837128 0.000000247591774 -0.000175834349285 -0.000000825194260 0.000170957643624
       RecoErr4 -0.000000004748619 -0.000013721414937 0.000000247591774 0.000117392400040 -0.000000655642201 -0.000161474772020 0.000000240447434
       RecoErr5 0.000004231876888 -0.000000003512557 -0.000175834349285 -0.000000655642201 0.000857448690867 0.000003072922989 -0.000905232565920
       RecoErr6 0.000000017147617 0.000016594002415 -0.000000825194260 -0.000161474772020 0.000003072922989 0.000249926929374 -0.000001358950886
       RecoErr7 -0.000003759692947 -0.000000005589868 0.000170957643624 0.000000240447434 -0.000905232565920 -0.000001358950886 0.001026263672469
    accXrecoEff 0.035763457412543 0.004662373728256 0.355897000869383 0.054816814165262 -0.001456796810759 0.125977495693862 0.018391875314942 -0.101445787014623 -0.012627146688468 0.006267427478333
 accXrecoEffErr 0.000000000000000 0.000000000000000 0.000000000000000 0.000000000000000 0.000000000000000 0.000000000000000 0.000000000000000 0.000000000000000 0.000000000000000 0.000000000000000
        EffErr1 0.000000000269754 0.000000000026937 -0.000000001153181 -0.000000000133659 0.000000001001488 0.000000000123637 0.000000000000005
        EffErr2 0.000000000026937 0.000000004429238 -0.000000000191683 -0.000000015107145 0.000000000194085 0.000000011607271 -0.000000000000062
        EffErr3 -0.000000001153181 -0.000000000191683 0.000000008751561 0.000000001351472 -0.000000009111057 -0.000000001399564 -0.000000000000043
        EffErr4 -0.000000000133659 -0.000000015107145 0.000000001351472 0.000000059723615 -0.000000001485285 -0.000000049593797 0.000000000000244
        EffErr5 0.000000001001488 0.000000000194085 -0.000000009111057 -0.000000001485285 0.000000010176495 0.000000001632150 0.000000000000046
        EffErr6 0.000000000123637 0.000000011607271 -0.000000001399564 -0.000000049593797 0.000000001632150 0.000000043061126 -0.000000000000201
        EffErr7 0.000000000000005 -0.000000000000062 -0.000000000000043 0.000000000000244 0.000000000000046 -0.000000000000201 0.000000000000002
           iBin 1.000000000000000
           mode 2012.000000000000000
sigGauss1_sigma 0.032306123439247 0.000190366324693
sigGauss2_sigma 0.080863693744414 0.000763107375522
      sigM_frac 0.750913459068236 0.005731859512873
  bkgGauss_mean 0.029576921425549 0.013883872630602
 bkgGauss_sigma 0.343356856977084 0.010410366392250
bkgGauss_mean_1 0.194047735394248 0.031078985584787
bkgGauss_sigma_1 0.100000001631801 0.008364171236774
       bkg_frac 0.999999998233084 0.015091434991489
Iafb_angular_reco 1.870463728904724 -999.965823847822890
Ifh_angular_reco 0.382697224617004 -47.215823269789439
afb_angular_reco -0.010104441600133 0.000000000000000
fh_angular_reco 0.020221757206428 0.000000000000000
         recofh 0.026328399860699 0.008498328669852 0.008498328669852
        recoafb -0.009996051280900 0.003777983156986 0.003777983156986
        recoFCN -1299978.922765404684469 0.000000000000000
Iafb_angular_gen 0.502288341522217 -0.188517681551275
Ifh_angular_gen -3.160523653030396 -29.946453238613003
afb_angular_gen -0.001890599855631 0.000000000000000
 fh_angular_gen 0.031876060401540 0.000000000000000
          genfh 0.031864418437472 -0.001066747489857 0.001095956160323
         genafb -0.001886155087076 -0.000463869726830 0.000455641132235
         genFCN -13473947.491748671978712 0.000000000000000
Iafb_angular_gen_R 0.291084945201874 580.250603762215178
Ifh_angular_gen_R 0.856322228908539 -999.997643862670884
afb_angular_gen_R 0.000476941945808 0.000000000000000
fh_angular_gen_R 0.000954931590190 0.000000000000000
Iafb_angular_reco_R 0.000000000000000 0.000000000000000
Ifh_angular_reco_R 0.000000000000000 0.000000000000000
afb_angular_reco_R 0.000000000000000 0.000000000000000
fh_angular_reco_R 0.000000000000000 0.000000000000000
        recoRfh 0.039660598107045 0.009036371636208 0.009036371636208
       recoRafb -0.019398379546740 0.003820614078288 0.003820614078288
        genfh_R 0.049268562959063 -0.003725385076740 0.003741460161989
       genafb_R 0.003077052584912 -0.001115434569366 0.001113979826448
       genFCN_R -25682899.726293422281742 0.000000000000000
 Iafb_angular2D -0.015497650951147 -0.165168106798205
  Ifh_angular2D -13.480492591857910 -0.811250314766085
  afb_angular2D -0.044244564702601 0.000000000000000
   fh_angular2D 0.849154949809082 0.000000000000000
             fh 0.849965076925591 -0.347652673247249 0.312577663602159
            afb -0.044576007728518 -0.102881627123323 0.103153480168906
            FCN -9747.493585522710418 0.000000000000000
        GENreco 0.054821468974072 -0.001527035727849 0.126891593505596 0.018774969023035 -0.109273338371837 -0.013576987395550 0.016929105864100
     GENrecoErr 0.000273035925731 0.001474125014218 0.006449036640587 0.010836671491689 0.029245676611843 0.015827878907825 0.032004211537503
accXrecoEff-GEN 0.035763457412543 0.004662373728256 0.355897000869383 0.054816814165262 -0.001456796810759 0.125977495693862 0.018391875314942 -0.101445787014623 -0.012627146688468 0.006267427478333
accXrecoEff-GENErr 0.000000000000000 0.000000000000000 0.000000000000000 0.000000000000000 0.000000000000000 0.000000000000000 0.000000000000000 0.000000000000000 0.000000000000000 0.000000000000000
     Dimuonreco 0.054872058042586 -0.001429815495059 0.125104417048046 0.019215337565696 -0.099057802396971 -0.014025852398797 0.004618987740432
  DimuonrecoErr 0.000273217506977 0.001475040268151 0.006460801172942 0.010851472143457 0.029345707250224 0.015843006685624 0.032143480765043
accXrecoEffDimuon 0.035763457412543 0.004662373728256 0.355897000869383 0.054872058042586 -0.001429815495059 0.125104417048046 0.019215337565696 -0.099057802396971 -0.014025852398797 0.004618987740432
accXrecoEffDimuonErr 0.000000000000000 0.000000000000000 0.000000000000000 0.000000000000000 0.000000000000000 0.000000000000000 0.000000000000000 0.000000000000000 0.000000000000000 0.000000000000000
Iafb_angular_reco_D 0.000000000000000 0.000000000000000
Ifh_angular_reco_D 0.000000000000000 0.000000000000000
afb_angular_reco_D 0.000000000000000 0.000000000000000
fh_angular_reco_D 0.000000000000000 0.000000000000000
        recoDfh 0.040418161520395 0.009110255532703 0.009110255532703
       recoDafb -0.019600328177899 0.003824396612149 0.003824396612149
       recoDFCN -1299580.488684580661356 0.000000000000000
    bkgCombL_c0 2.611895571881982 1.241847049274189
    bkgCombL_c1 -2.964538977111201 1.362790437029488
    bkgCombL_c2 2.214818609118626 1.702721581218325
    bkgCombL_c3 0.000000000000000 0.000000000000000
        FCErrFh -0.287986156099472 0.270748296881150
       FCErrAfb   -0.101547291483978    0.101159158052951
