
[1mRooFit v3.60 -- Developed by Wouter Verkerke and David Kirkby[0m 
                Copyright (C) 2000-2013 NIKHEF, University of California & Stanford University
                All rights reserved, please read http://roofit.sourceforge.net/license.txt


>>>>>>>>>> iBin = 0
Evaluate reconstruction efficiency for bin#0
Bin 0 = 832333; BEta>2.5: 13343
Reco_0 = 52319 / 832333 = 0.0628583
INFO: recoEfficiency_fine(1)=0.055556 +- 0.031171.
INFO: recoEfficiency_fine(2)=0.095238 +- 0.013657.
INFO: recoEfficiency_fine(3)=0.092030 +- 0.005859.
INFO: recoEfficiency_fine(4)=0.090801 +- 0.003301.
INFO: recoEfficiency_fine(5)=0.081772 +- 0.002084.
INFO: recoEfficiency_fine(6)=0.078409 +- 0.001470.
INFO: recoEfficiency_fine(7)=0.068732 +- 0.001080.
INFO: recoEfficiency_fine(8)=0.063853 +- 0.000865.
INFO: recoEfficiency_fine(9)=0.057642 +- 0.000726.
INFO: recoEfficiency_fine(10)=0.055128 +- 0.000665.
INFO: recoEfficiency_fine(11)=0.054224 +- 0.000660.
INFO: recoEfficiency_fine(12)=0.056922 +- 0.000722.
INFO: recoEfficiency_fine(13)=0.062597 +- 0.000857.
INFO: recoEfficiency_fine(14)=0.069183 +- 0.001086.
INFO: recoEfficiency_fine(15)=0.076877 +- 0.001464.
INFO: recoEfficiency_fine(16)=0.086139 +- 0.002147.
INFO: recoEfficiency_fine(17)=0.093780 +- 0.003394.
INFO: recoEfficiency_fine(18)=0.103880 +- 0.006232.
INFO: recoEfficiency_fine(19)=0.095745 +- 0.013572.
INFO: recoEfficiency_fine(20)=0.048780 +- 0.033641.
WARNING: EfficiencyL(1)=0, set error to be 1.
INFO: Efficiency_fine(2)=0.000034 +- 0.000018.
INFO: Efficiency_fine(3)=0.000172 +- 0.000033.
INFO: Efficiency_fine(4)=0.000409 +- 0.000044.
INFO: Efficiency_fine(5)=0.000649 +- 0.000049.
INFO: Efficiency_fine(6)=0.001134 +- 0.000059.
INFO: Efficiency_fine(7)=0.001514 +- 0.000062.
INFO: Efficiency_fine(8)=0.001903 +- 0.000065.
INFO: Efficiency_fine(9)=0.002087 +- 0.000064.
INFO: Efficiency_fine(10)=0.002034 +- 0.000061.
INFO: Efficiency_fine(11)=0.002157 +- 0.000063.
INFO: Efficiency_fine(12)=0.001928 +- 0.000061.
INFO: Efficiency_fine(13)=0.001789 +- 0.000062.
INFO: Efficiency_fine(14)=0.001481 +- 0.000061.
INFO: Efficiency_fine(15)=0.001053 +- 0.000057.
INFO: Efficiency_fine(16)=0.000663 +- 0.000050.
INFO: Efficiency_fine(17)=0.000432 +- 0.000046.
INFO: Efficiency_fine(18)=0.000191 +- 0.000037.
INFO: Efficiency_fine(19)=0.000027 +- 0.000016.
INFO: Efficiency_fine(20)=0.000010 +- 0.000013.
 FCN=8.14149 FROM MIGRAD    STATUS=CONVERGED     212 CALLS         213 TOTAL
                     EDM=4.33769e-14    STRATEGY= 1      ERROR MATRIX ACCURATE 
  EXT PARAMETER                                   STEP         FIRST   
  NO.   NAME      VALUE            ERROR          SIZE      DERIVATIVE 
   1  p0           5.44687e-02   4.00374e-04   3.89120e-07   6.75629e-06
   2  p1          -3.77749e-03   2.35859e-03   1.54412e-06  -1.26993e-04
   3  p2           1.34243e-01   1.07922e-02   3.54359e-06  -7.66630e-05
   4  p3           2.68086e-02   1.97880e-02   6.43408e-06  -1.64975e-05
   5  p4          -9.98542e-02   5.43025e-02   1.01565e-05  -2.08138e-05
   6  p5          -2.20024e-02   3.26595e-02   1.45724e-05  -2.26823e-06
   7  p6          -2.08364e-02   6.51480e-02   1.94939e-05  -5.69570e-06
RECO ERROR MATRIX: 
                   1             2            3            4            5            6            7       
RecoErr1  1.60299e-07 -6.28398e-09 -2.94215e-06 5.54317e-08 1.12025e-05 -7.68466e-08 -1.06799e-05 
RecoErr2  -6.28398e-09 5.56294e-06 2.07977e-07 -3.96254e-05 -1.51004e-06 5.30391e-05 2.08471e-06 
RecoErr3  -2.94215e-06 2.07977e-07 0.000116472 -2.45858e-06 -0.000541285 3.66413e-06 0.000566568 
RecoErr4  5.54317e-08 -3.96254e-05 -2.45858e-06 0.000391567 1.93085e-05 -0.000602867 -2.80997e-05 
RecoErr5  1.12025e-05 -1.51004e-06 -0.000541285 1.93085e-05 0.00294876 -3.04323e-05 -0.00338568 
RecoErr6  -7.68466e-08 5.30391e-05 3.66413e-06 -0.000602867 -3.04323e-05 0.00106665 5.0204e-05 
RecoErr7  -1.06799e-05 2.08471e-06 0.000566568 -2.80997e-05 -0.00338568 5.0204e-05 0.00424426 
18428978 entries processed.
