
[1mRooFit v3.60 -- Developed by Wouter Verkerke and David Kirkby[0m 
                Copyright (C) 2000-2013 NIKHEF, University of California & Stanford University
                All rights reserved, please read http://roofit.sourceforge.net/license.txt


>>>>>>>>>> iBin = 10
Evaluate reconstruction efficiency for bin#10
Bin 10 = 14942549; BEta>2.5: 108163
Reco_10 = 770169 / 14942549 = 0.051542
INFO: recoEfficiency_fine(1)=0.060530 +- 0.001054.
INFO: recoEfficiency_fine(2)=0.059899 +- 0.000589.
INFO: recoEfficiency_fine(3)=0.060826 +- 0.000440.
INFO: recoEfficiency_fine(4)=0.059670 +- 0.000352.
INFO: recoEfficiency_fine(5)=0.057143 +- 0.000291.
INFO: recoEfficiency_fine(6)=0.054127 +- 0.000248.
INFO: recoEfficiency_fine(7)=0.051365 +- 0.000217.
INFO: recoEfficiency_fine(8)=0.048206 +- 0.000195.
INFO: recoEfficiency_fine(9)=0.046147 +- 0.000180.
INFO: recoEfficiency_fine(10)=0.045086 +- 0.000173.
INFO: recoEfficiency_fine(11)=0.044765 +- 0.000173.
INFO: recoEfficiency_fine(12)=0.046690 +- 0.000181.
INFO: recoEfficiency_fine(13)=0.049228 +- 0.000196.
INFO: recoEfficiency_fine(14)=0.052414 +- 0.000219.
INFO: recoEfficiency_fine(15)=0.056103 +- 0.000252.
INFO: recoEfficiency_fine(16)=0.060391 +- 0.000298.
INFO: recoEfficiency_fine(17)=0.065390 +- 0.000365.
INFO: recoEfficiency_fine(18)=0.068355 +- 0.000462.
INFO: recoEfficiency_fine(19)=0.070634 +- 0.000632.
INFO: recoEfficiency_fine(20)=0.072222 +- 0.001140.
INFO: Efficiency_fine(1)=0.000670 +- 0.000030.
INFO: Efficiency_fine(2)=0.000782 +- 0.000019.
INFO: Efficiency_fine(3)=0.000951 +- 0.000017.
INFO: Efficiency_fine(4)=0.001098 +- 0.000016.
INFO: Efficiency_fine(5)=0.001199 +- 0.000015.
INFO: Efficiency_fine(6)=0.001326 +- 0.000015.
INFO: Efficiency_fine(7)=0.001421 +- 0.000014.
INFO: Efficiency_fine(8)=0.001473 +- 0.000013.
INFO: Efficiency_fine(9)=0.001518 +- 0.000013.
INFO: Efficiency_fine(10)=0.001506 +- 0.000013.
INFO: Efficiency_fine(11)=0.001515 +- 0.000013.
INFO: Efficiency_fine(12)=0.001505 +- 0.000013.
INFO: Efficiency_fine(13)=0.001486 +- 0.000014.
INFO: Efficiency_fine(14)=0.001439 +- 0.000014.
INFO: Efficiency_fine(15)=0.001380 +- 0.000015.
INFO: Efficiency_fine(16)=0.001296 +- 0.000016.
INFO: Efficiency_fine(17)=0.001203 +- 0.000018.
INFO: Efficiency_fine(18)=0.001047 +- 0.000019.
INFO: Efficiency_fine(19)=0.000925 +- 0.000023.
INFO: Efficiency_fine(20)=0.000861 +- 0.000036.
 FCN=19.1331 FROM MIGRAD    STATUS=CONVERGED     220 CALLS         221 TOTAL
                     EDM=8.48961e-17    STRATEGY= 1      ERROR MATRIX ACCURATE 
  EXT PARAMETER                                   STEP         FIRST   
  NO.   NAME      VALUE            ERROR          SIZE      DERIVATIVE 
   1  p0           4.49077e-02   9.47103e-05   1.24455e-07   3.71100e-06
   2  p1           7.73925e-04   4.33540e-04   3.42412e-07   2.95703e-06
   3  p2           6.33055e-02   1.70776e-03   5.78198e-07  -3.10295e-06
   4  p3           8.80989e-03   2.40891e-03   8.17531e-07  -2.83555e-06
   5  p4          -6.14108e-02   6.15899e-03   1.05466e-06  -1.77694e-06
   6  p5          -2.28117e-03   2.76113e-03   1.28757e-06   5.51846e-08
   7  p6           1.90027e-02   5.53159e-03   1.51573e-06  -2.95330e-06
RECO ERROR MATRIX: 
                   1             2            3            4            5            6            7       
RecoErr1  8.97004e-09 -1.22513e-10 -1.13898e-07 8.77244e-10 3.21228e-07 -1.00001e-09 -2.40741e-07 
RecoErr2  -1.22513e-10 1.87957e-07 1.07367e-08 -9.16271e-07 -5.4794e-08 8.99594e-07 5.61712e-08 
RecoErr3  -1.13898e-07 1.07367e-08 2.91643e-06 -6.74126e-08 -9.90946e-06 7.42483e-08 8.10052e-06 
RecoErr4  8.77244e-10 -9.16271e-07 -6.74126e-08 5.80285e-06 4.04223e-07 -6.3779e-06 -4.48628e-07 
RecoErr5  3.21228e-07 -5.4794e-08 -9.90946e-06 4.04223e-07 3.79332e-05 -4.75068e-07 -3.32069e-05 
RecoErr6  -1.00001e-09 8.99594e-07 7.42483e-08 -6.3779e-06 -4.75068e-07 7.62382e-06 5.67819e-07 
RecoErr7  -2.40741e-07 5.61712e-08 8.10052e-06 -4.48628e-07 -3.32069e-05 5.67819e-07 3.05984e-05 
18428978 entries processed.
