
[1mRooFit v3.59 -- Developed by Wouter Verkerke and David Kirkby[0m 
                Copyright (C) 2000-2013 NIKHEF, University of California & Stanford University
                All rights reserved, please read http://roofit.sourceforge.net/license.txt

Acc_0 = 9805 / 479958 = 0.0204289

INFO: h1_acc_fine_bin0 built.
 FCN=35.2019 FROM MIGRAD    STATUS=CONVERGED     376 CALLS         377 TOTAL
                     EDM=3.50002e-11    STRATEGY= 1      ERROR MATRIX ACCURATE 
  EXT PARAMETER                                   STEP         FIRST   
  NO.   NAME      VALUE            ERROR          SIZE      DERIVATIVE 
   1  p0           0.00000e+00     fixed    
   2  p1           4.00174e-02   4.79055e-04   1.17172e-06  -1.74243e-02
   3  p2          -4.98581e-03   3.39860e-03   9.98463e-06   7.69596e-04
   4  p3           3.04670e-01   2.53073e-03   6.19004e-06  -3.14175e-04
Accepatance ERROR MATRIX: 
                 1             2            3            4       
AccErr1  2.29494e-07 -7.87146e-09 -6.71587e-07 6.95272e-310 
AccErr2  -7.87146e-09 1.15505e-05 1.3679e-08 0 
AccErr3  -6.71587e-07 1.3679e-08 6.40461e-06 5.33842e-314 
AccErr4  1.5762e+116 0 2.89268e-306 2.26014e-308 
 0.000000000000000, 0.040017419631494,-0.004985806307975, 0.304670051269548,
 0.000000000000000, 0.000479054849033, 0.003398601601369, 0.002530732269059,
Acc_1 = 22645 / 1093224 = 0.020714

INFO: h1_acc_fine_bin1 built.
 FCN=38.2252 FROM MIGRAD    STATUS=CONVERGED     421 CALLS         422 TOTAL
                     EDM=2.80752e-13    STRATEGY= 1      ERROR MATRIX ACCURATE 
  EXT PARAMETER                                   STEP         FIRST   
  NO.   NAME      VALUE            ERROR          SIZE      DERIVATIVE 
   1  p0           0.00000e+00     fixed    
   2  p1           3.57635e-02   2.87892e-04   7.17512e-07  -2.35079e-03
   3  p2           4.66237e-03   2.74099e-03   8.38150e-06  -6.57791e-05
   4  p3           3.55897e-01   2.28759e-03   5.70097e-06   3.63313e-05
Accepatance ERROR MATRIX: 
                 1             2            3            4       
AccErr1  8.28815e-08 -2.43145e-09 -3.81628e-07 6.95272e-310 
AccErr2  -2.43145e-09 7.51302e-06 7.72112e-08 0 
AccErr3  -3.81628e-07 7.72112e-08 5.23308e-06 5.33842e-314 
AccErr4  1.5762e+116 0 2.89268e-306 2.26014e-308 
 0.000000000000000, 0.035763457412543, 0.004662373728256, 0.355897000869383,
 0.000000000000000, 0.000287891516231, 0.002740989645108, 0.002287592943531,
Acc_2 = 46697 / 2066139 = 0.0226011

INFO: h1_acc_fine_bin2 built.
 FCN=18.7496 FROM MIGRAD    STATUS=CONVERGED     367 CALLS         368 TOTAL
                     EDM=3.70736e-09    STRATEGY= 1      ERROR MATRIX ACCURATE 
  EXT PARAMETER                                   STEP         FIRST   
  NO.   NAME      VALUE            ERROR          SIZE      DERIVATIVE 
   1  p0          -3.23097e-03   9.42551e-04   1.99037e-07  -3.64711e-01
   2  p1           3.49447e-02   8.67465e-04   3.02579e-07  -1.18075e-01
   3  p2          -7.96687e-04   2.87443e-03   6.23578e-06   5.58125e-03
   4  p3           5.24983e-01   1.34432e-02   5.42154e-06  -1.26799e-02
Accepatance ERROR MATRIX: 
                 1             2            3            4       
AccErr1  8.88403e-07 -7.99778e-07 -4.75461e-08 -1.22996e-05 
AccErr2  -7.99778e-07 7.52495e-07 3.78132e-08 1.07035e-05 
AccErr3  -4.75461e-08 3.78132e-08 8.26237e-06 7.9553e-07 
AccErr4  -1.22996e-05 1.07035e-05 7.9553e-07 0.000180719 
-0.003230969429014, 0.034944745566119,-0.000796687320761, 0.524983305634669,
 0.000942551417819, 0.000867464735263, 0.002874434694960, 0.013443163134294,
Acc_3 = 15979 / 648914 = 0.0246242

INFO: h1_acc_fine_bin3 built.
 FCN=17.0804 FROM MIGRAD    STATUS=CONVERGED     492 CALLS         493 TOTAL
                     EDM=9.55204e-09    STRATEGY= 1      ERROR MATRIX ACCURATE 
  EXT PARAMETER                                   STEP         FIRST   
  NO.   NAME      VALUE            ERROR          SIZE      DERIVATIVE 
   1  p0          -8.10264e-03   6.19789e-03   3.80813e-07  -3.77925e-01
   2  p1           3.91336e-02   6.02773e-03   4.76081e-07  -3.23533e-01
   3  p2          -7.64304e-03   7.04415e-03   1.45956e-05   1.15996e-03
   4  p3           7.09455e-01   7.98185e-02   1.62555e-05  -6.45237e-03
Accepatance ERROR MATRIX: 
                 1             2            3            4       
AccErr1  3.84138e-05 -3.73114e-05 1.43713e-06 -0.000490474 
AccErr2  -3.73114e-05 3.63335e-05 -1.34732e-06 0.000474307 
AccErr3  1.43713e-06 -1.34732e-06 4.962e-05 -2.21628e-05 
AccErr4  -0.000490474 0.000474307 -2.21628e-05 0.006371 
-0.008102640418617, 0.039133597683686,-0.007643038589432, 0.709455370088903,
 0.006197890237716, 0.006027727134311, 0.007044148208691, 0.079818521169765,
Acc_4 = 32246 / 1212858 = 0.0265868

INFO: h1_acc_fine_bin4 built.
 FCN=17.0177 FROM MIGRAD    STATUS=CONVERGED     361 CALLS         362 TOTAL
                     EDM=3.17731e-09    STRATEGY= 1      ERROR MATRIX ACCURATE 
  EXT PARAMETER                                   STEP         FIRST   
  NO.   NAME      VALUE            ERROR          SIZE      DERIVATIVE 
   1  p0          -2.06026e-03   7.41822e-03   2.96972e-07  -1.28889e-01
   2  p1           3.33973e-02   7.28692e-03   3.52874e-07  -1.08385e-01
   3  p2          -9.07919e-04   7.40760e-03   1.53505e-05   8.89328e-03
   4  p3          -7.72813e-01   1.13919e-01   1.89647e-05   1.83956e-03
Accepatance ERROR MATRIX: 
                 1             2            3            4       
AccErr1  5.503e-05 -5.403e-05 -1.06617e-06 0.000840263 
AccErr2  -5.403e-05 5.30992e-05 1.04266e-06 -0.000823191 
AccErr3  -1.06617e-06 1.04266e-06 5.48725e-05 -1.63214e-05 
AccErr4  0.000840263 -0.000823191 -1.63214e-05 0.0129775 
-0.002060264423152, 0.033397262557841,-0.000907918533721,-0.772812543637121,
 0.007418223490349, 0.007286921946418, 0.007407596873769, 0.113918762596242,
Acc_5 = 15248 / 535431 = 0.028478

INFO: h1_acc_fine_bin5 built.
 FCN=14.7732 FROM MIGRAD    STATUS=CONVERGED     528 CALLS         529 TOTAL
                     EDM=7.91541e-08    STRATEGY= 1      ERROR MATRIX ACCURATE 
  EXT PARAMETER                                   STEP         FIRST   
  NO.   NAME      VALUE            ERROR          SIZE      DERIVATIVE 
   1  p0           1.93171e-03   1.86379e-02   4.36634e-07   2.36394e-01
   2  p1           3.01241e-02   1.84172e-02   5.00351e-07   2.38508e-01
   3  p2          -5.62388e-03   1.52690e-02   2.95247e-05  -1.06035e-02
   4  p3           8.56339e-01   3.33670e-01   4.03739e-05   1.15367e-03
Accepatance ERROR MATRIX: 
                 1             2            3            4       
AccErr1  0.000347373 -0.000343199 -2.11933e-05 -0.00619749 
AccErr2  -0.000343199 0.000339193 2.09413e-05 0.00611677 
AccErr3  -2.11933e-05 2.09413e-05 0.000233142 0.000372024 
AccErr4  -0.00619749 0.00611677 0.000372024 0.111336 
 0.001931708043438, 0.030124053779574,-0.005623879223814, 0.856339430125003,
 0.018637941148977, 0.018417202503695, 0.015268983707151, 0.333670136350559,
Acc_6 = 20218 / 671508 = 0.0301084

INFO: h1_acc_fine_bin6 built.
 FCN=13.7382 FROM MIGRAD    STATUS=CALL LIMIT   1490 CALLS        1491 TOTAL
                     EDM=5.54271e-05    STRATEGY= 1  ERROR MATRIX UNCERTAINTY  40.5 per cent
  EXT PARAMETER                APPROXIMATE        STEP         FIRST   
  NO.   NAME      VALUE            ERROR          SIZE      DERIVATIVE 
   1  p0          -1.35504e+00   6.62766e+00  -4.19257e-02   3.06225e+01
   2  p1           1.38773e+00   6.62762e+00   4.19249e-02   3.04795e+01
   3  p2           2.42108e-03   1.73146e-02  -4.95613e-05  -5.34736e-02
   4  p3           7.34086e+00   1.77753e+01   1.13161e-01   5.30750e-02
Accepatance ERROR MATRIX: 
                 1             2            3            4       
AccErr1  43.9258 -43.9256 0.00903319 -117.799 
AccErr2  -43.9256 43.9253 -0.009033 117.798 
AccErr3  0.00903319 -0.009033 0.000299796 -0.0236643 
AccErr4  -117.799 117.798 -0.0236643 315.961 
-1.355044800419074, 1.387731574172081, 0.002421077471795, 7.340858647456147,
 6.627657749912503, 6.627619109392414, 0.017314618613181,17.775298458123864,
Acc_7 = 20775 / 614788 = 0.0337921

INFO: h1_acc_fine_bin7 built.
 FCN=11.832 FROM HESSE     STATUS=NOT POSDEF     23 CALLS         891 TOTAL
                     EDM=9.58763e-09    STRATEGY= 1      ERR MATRIX NOT POS-DEF
  EXT PARAMETER                APPROXIMATE        STEP         FIRST   
  NO.   NAME      VALUE            ERROR          SIZE      DERIVATIVE 
   1  p0          -5.81657e-02   3.22004e-03   8.04429e-08  -4.35009e-01
   2  p1           9.38550e-02   3.21986e-03   8.22119e-08  -4.23954e-01
   3  p2          -2.54190e-02   2.69635e-02   9.37175e-06   3.06296e-03
   4  p3           2.20405e+00   1.29555e-01   3.11067e-05  -1.00405e-03
Accepatance ERROR MATRIX: 
                 1             2            3            4       
AccErr1  1.03687e-05 -1.03164e-05 7.87942e-08 -0.000138609 
AccErr2  -1.03164e-05 1.03675e-05 1.9337e-07 0.000111182 
AccErr3  7.87942e-08 1.9337e-07 0.000727033 -0.000362933 
AccErr4  -0.000138609 0.000111182 -0.000362933 0.0167845 
-0.058165718625119, 0.093855034520789,-0.025418985382698, 2.204047853114791,
 0.003220039516779, 0.003219859968315, 0.026963544796380, 0.129555109420624,
Acc_8 = 23979 / 624217 = 0.0384145

INFO: h1_acc_fine_bin8 built.
 FCN=19.6927 FROM MIGRAD    STATUS=CONVERGED     743 CALLS         744 TOTAL
                     EDM=1.37973e-07    STRATEGY= 1      ERROR MATRIX ACCURATE 
  EXT PARAMETER                                   STEP         FIRST   
  NO.   NAME      VALUE            ERROR          SIZE      DERIVATIVE 
   1  p0           3.73851e-02   1.33599e-03   5.40055e-07   1.79909e-01
   2  p1           1.79954e-03   1.11450e-03   8.39952e-07   6.89443e-01
   3  p2          -6.25272e-02   1.08294e-01   2.34949e-04  -1.17890e-03
   4  p3           3.35462e-01   3.49619e-01   2.16064e-04  -3.09842e-04
Accepatance ERROR MATRIX: 
                 1             2            3            4       
AccErr1  1.78488e-06 -1.34369e-06 2.40381e-05 -0.000436655 
AccErr2  -1.34369e-06 1.24212e-06 -1.53572e-05 0.000292109 
AccErr3  2.40381e-05 -1.53572e-05 0.0117277 -0.00765603 
AccErr4  -0.000436655 0.000292109 -0.00765603 0.122233 
 0.037385091559718, 0.001799540177894,-0.062527232512910, 0.335461668990935,
 0.001335992932801, 0.001114503959920, 0.108294466608652, 0.349618978811821,
Acc_9 = 49703 / 2368482 = 0.0209852

INFO: h1_acc_fine_bin9 built.
 FCN=44.2786 FROM MIGRAD    STATUS=CONVERGED     270 CALLS         271 TOTAL
                     EDM=1.8221e-07    STRATEGY= 1      ERROR MATRIX ACCURATE 
  EXT PARAMETER                                   STEP         FIRST   
  NO.   NAME      VALUE            ERROR          SIZE      DERIVATIVE 
   1  p0           0.00000e+00     fixed    
   2  p1           3.52745e-02   1.93197e-04   5.13085e-07  -3.06805e+00
   3  p2           1.66571e-03   1.94856e-03   6.40145e-06   1.87618e-01
   4  p3           3.69652e-01   1.68946e-03   4.48637e-06  -2.36992e-01
Accepatance ERROR MATRIX: 
                 1             2            3            4       
AccErr1  3.73251e-08 -3.96535e-09 -1.92179e-07 -0.000436655 
AccErr2  -3.96535e-09 3.79689e-06 6.7241e-08 0.000292109 
AccErr3  -1.92179e-07 6.7241e-08 2.85428e-06 -0.00765603 
AccErr4  -0.000436655 0.000292109 -0.00765603 0.122233 
 0.000000000000000, 0.035274498704674, 0.001665710781567, 0.369651614769951,
 0.000000000000000, 0.000193196950635, 0.001948560584923, 0.001689462342674,
Acc_10 = 176365 / 6762691 = 0.0260791

INFO: h1_acc_fine_bin10 built.
 FCN=13.7351 FROM MIGRAD    STATUS=CONVERGED     382 CALLS         383 TOTAL
                     EDM=5.8196e-09    STRATEGY= 1      ERROR MATRIX ACCURATE 
  EXT PARAMETER                                   STEP         FIRST   
  NO.   NAME      VALUE            ERROR          SIZE      DERIVATIVE 
   1  p0           7.71105e-03   5.37541e-04   1.10278e-07   1.65129e+00
   2  p1           2.59976e-02   4.96156e-04   1.61113e-07   1.09142e+00
   3  p2          -6.76087e-04   2.31692e-03   4.34195e-06   1.70416e-02
   4  p3           4.82222e-01   9.63718e-03   3.90475e-06   3.55403e-02
Accepatance ERROR MATRIX: 
                 1             2            3            4       
AccErr1  2.8895e-07 -2.60135e-07 -2.17967e-08 -4.98029e-06 
AccErr2  -2.60135e-07 2.46171e-07 1.84157e-08 4.30394e-06 
AccErr3  -2.17967e-08 1.84157e-08 5.36811e-06 4.09504e-07 
AccErr4  -4.98029e-06 4.30394e-06 4.09504e-07 9.28753e-05 
 0.007711049623240, 0.025997598491301,-0.000676087114178, 0.482221541419215,
 0.000537540790504, 0.000496155810827, 0.002316918342946, 0.009637184545976,
0 entries processed.
