            acc 0.007711049623240 0.025997598491301 -0.000676087114178 0.482221541419215
         accErr 0.000537540790504 0.000496155810827 0.002316918342946 0.009637184545976
        AccErr1 0.000000288950101 -0.000000260134567 -0.000000021796741 -0.000004980294645
        AccErr2 -0.000000260134567 0.000000246170589 0.000000018415664 0.000004303943153
        AccErr3 -0.000000021796741 0.000000018415664 0.000005368110608 0.000000409504178
        AccErr4 -0.000004980294645 0.000004303943153 0.000000409504178 0.000092875325973
           reco 0.044907686415395 0.000773925130309 0.063305506137584 0.008809886529814 -0.061410750972023 -0.002281173612335 0.019002746922320
        recoErr 0.000094710294178 0.000433539862398 0.001707755551179 0.002408911331972 0.006158991617777 0.002761126241593 0.005531585613139
       RecoErr1 0.000000008970040 -0.000000000122513 -0.000000113898062 0.000000000877244 0.000000321228036 -0.000000001000012 -0.000000240741145
       RecoErr2 -0.000000000122513 0.000000187956812 0.000000010736705 -0.000000916271131 -0.000000054793962 0.000000899593517 0.000000056171245
       RecoErr3 -0.000000113898062 0.000000010736705 0.000002916429023 -0.000000067412594 -0.000009909460167 0.000000074248271 0.000008100520723
       RecoErr4 0.000000000877244 -0.000000916271131 -0.000000067412594 0.000005802853805 0.000000404223290 -0.000006377901130 -0.000000448628421
       RecoErr5 0.000000321228036 -0.000000054793962 -0.000009909460167 0.000000404223290 0.000037933177748 -0.000000475067747 -0.000033206944587
       RecoErr6 -0.000000001000012 0.000000899593517 0.000000074248271 -0.000006377901130 -0.000000475067747 0.000007623818122 0.000000567818726
       RecoErr7 -0.000000240741145 0.000000056171245 0.000008100520723 -0.000000448628421 -0.000033206944587 0.000000567818726 0.000030598439395
    accXrecoEff 0.001519860395300 0.000019612884439 -0.000651591820608 0.000180482439187 -0.000945406764387 -0.000118214024343 0.000810957968580 0.000000000000000 0.000000000000000 0.000000000000000
 accXrecoEffErr 0.000006643112732 0.000026303299114 0.000096801027152 0.000121798117964 0.000303955497570 0.000123143763347 0.000246898103282 0.000000000000000 0.000000000000000 0.000000000000000
        EffErr1 0.000000000044131 -0.000000000001901 -0.000000000466934 0.000000000009876 0.000000001165252 -0.000000000010096 -0.000000000801407
        EffErr2 -0.000000000001901 0.000000000691864 0.000000000091941 -0.000000002886866 -0.000000000392503 0.000000002559989 0.000000000364854
        EffErr3 -0.000000000466934 0.000000000091941 0.000000009370439 -0.000000000477277 -0.000000028020908 0.000000000485156 0.000000021027769
        EffErr4 0.000000000009876 -0.000000002886866 -0.000000000477277 0.000000014834782 0.000000002364389 -0.000000014519232 -0.000000002370108
        EffErr5 0.000000001165252 -0.000000000392503 -0.000000028020908 0.000000002364389 0.000000092388945 -0.000000002544874 -0.000000073503812
        EffErr6 -0.000000000010096 0.000000002559989 0.000000000485156 -0.000000014519232 -0.000000002544874 0.000000015164386 0.000000002689333
        EffErr7 -0.000000000801407 0.000000000364854 0.000000021027769 -0.000000002370108 -0.000000073503812 0.000000002689333 0.000000060958673
           iBin 10.000000000000000
           mode 2012.000000000000000
sigGauss1_sigma 0.031511660110511 0.000078217967671
sigGauss2_sigma 0.073766537061826 0.000291011875322
      sigM_frac 0.752628808068822 0.002635160833080
  bkgGauss_mean 0.000001716275248 0.134314517496153
 bkgGauss_sigma 0.250791260397724 0.031209871242876
bkgGauss_mean_1 0.000000002955534 0.013221925373467
bkgGauss_sigma_1 0.497115156313945 0.015578692569793
       bkg_frac 0.308238125095042 0.052971211629802
Iafb_angular_reco 0.152602106332779 0.128697157296415
Ifh_angular_reco -6.316171646118164 -85.905312639711042
afb_angular_reco 0.000452866429500 0.000000000000000
fh_angular_reco 0.011115570151306 0.000000000000000
         recofh 0.011113171074066 -0.001462797131111 0.001495083720070
        recoafb 0.000447799496624 -0.000629093741992 0.000637888863453
        recoFCN -9301352.220420265570283 0.000000000000000
Iafb_angular_gen 0.285341769456863 -0.027897042605900
Ifh_angular_gen -3.744073152542114 -55.487834422975197
afb_angular_gen -0.000152764436792 0.000000000000000
 fh_angular_gen 0.017207849329978 0.000000000000000
          genfh 0.017208274370326 -0.000388780146770 0.000391252789464
         genafb -0.000151881266147 -0.000169778574250 0.000169681259384
         genFCN -95709894.892063155770302 0.000000000000000
Iafb_angular_gen_R 0.000000000000000 0.000000000000000
Ifh_angular_gen_R 0.000000000000000 0.000000000000000
afb_angular_gen_R 0.000000000000000 0.000000000000000
fh_angular_gen_R 0.000000000000000 0.000000000000000
Iafb_angular_reco_R 0.081574335694313 0.148953777792372
Ifh_angular_reco_R -2.322429418563843 -88.747334235397147
afb_angular_reco_R 0.000506428190650 0.000000000000000
fh_angular_reco_R 0.010759638643168 0.000000000000000
        recoRfh 0.010758608345642 -0.001458443583902 0.001486227384973
       recoRafb 0.000505096676094 -0.000632469050701 0.000630198111300
        genfh_R 0.033545242941814 -0.000475386661015 0.000476543001840
       genafb_R 0.002282921470135 -0.000191883453426 0.000191891473399
       genFCN_R -225170758.766866534948349 0.000000000000000
 Iafb_angular2D 0.014687085524201 0.002007570476850
  Ifh_angular2D 0.038391031324863 0.004390904871923
  afb_angular2D 0.002007570476850 0.000000000000000
   fh_angular2D 0.004390904871923 0.000000000000000
             fh 0.004390904871923 0.000000000000000 0.020891405223121
            afb 0.002007570476850 0.000000000000000 0.000000000000000
            FCN -58257.397001948498655 0.000000000000000
        GENreco 0.044917179524538 0.000780804781933 0.063240746466055 0.009003083510539 -0.061551442702861 -0.002687280356142 0.019285375166860
     GENrecoErr 0.000094716617381 0.000433525444698 0.001707773399966 0.002408426637883 0.006158376629398 0.002760436416687 0.005530411601919
accXrecoEff-GEN 0.001520260277545 0.000020489557152 -0.000656955084752 0.000179877105129 -0.000934224929704 -0.000120569527817 0.000804810722618 0.000000000000000 0.000000000000000 0.000000000000000
accXrecoEff-GENErr 0.000006644020889 0.000026303357084 0.000096814020439 0.000121761651212 0.000303975779655 0.000123078618664 0.000246867617080 0.000000000000000 0.000000000000000 0.000000000000000
     Dimuonreco 0.045011701417572 0.000776248497755 0.063318726843541 0.009134242008371 -0.060820461998880 -0.002712860383252 0.018243755240704
  DimuonrecoErr 0.000094812267372 0.000433973050951 0.001709552927961 0.002411008666478 0.006164941241741 0.002763043148344 0.005536092259869
accXrecoEffDimuon 0.001523354669425 0.000020281472872 -0.000655581880305 0.000183647317630 -0.000934830028096 -0.000123354999575 0.000799708689230 0.000000000000000 0.000000000000000 0.000000000000000
accXrecoEffDimuonErr 0.000006656459764 0.000026354798698 0.000096994355766 0.000122012080815 0.000304532851376 0.000123318155848 0.000247313067359 0.000000000000000 0.000000000000000 0.000000000000000
Iafb_angular_reco_D -0.022386962547898 0.113749462202577
Ifh_angular_reco_D -3.499045610427856 -85.398450648386643
afb_angular_reco_D 0.000403123705311 0.000000000000000
fh_angular_reco_D 0.011181537935636 0.000000000000000
        recoDfh 0.011180484018680 -0.001468079981253 0.001498646802315
       recoDafb 0.000404338916991 -0.000636341070397 0.000633661161278
       recoDFCN -9278372.051374757662416 0.000000000000000
    bkgCombL_c0 -0.064838946426315 0.067249221749125
    bkgCombL_c1 0.071356470260070 0.064011902858491
    bkgCombL_c2 -0.764784298717815 0.029161601138081
    bkgCombL_c3 0.000000000000000 0.000000000000000
 singleEff_bin0 0.956480302004667 -1.020667040521683 -2.483691188128816 11.180721061513232
singleEffErr_bin0 0.000000774006954 0.000013081958731 0.000058596960879 0.000292986262057
 singleEff_bin1 0.875707701790107 -1.039881216601705 -1.734301354988177 7.644744246947371
singleEffErr_bin1 0.000001729009528 0.000051097529814 0.000100149810235 0.000551127790489
 singleEff_bin2 0.967415010522474 -1.051596005327515 -2.650034826007991 11.181058259992659
singleEffErr_bin2 0.000000603286980 0.000016170608002 0.000058738197161 0.000282886744993
 singleEff_bin3 0.961857340560076 -1.129041831295134 -2.533098752730019 10.088962372903740
singleEffErr_bin3 0.000000806505371 0.000041468875368 0.000093553152841 0.000453412650145
 singleEff_bin4 0.921983772041072 -0.954256452528955 -3.318219327263433 13.231981388219644
singleEffErr_bin4 0.000000562715040 0.000021740433347 0.000097942129116 0.000442480046618
 singleEff_bin5 0.903928117046397 -45.824251792405697 -1.119037391627757 -0.251788837454393
singleEffErr_bin5 0.000005337406365 0.004222384229747 0.000117762892830 0.000453105810004
 singleEff_bin6 0.903431937646355 -4.469050082861802 -1.181986370404151 1.453608819539086
singleEffErr_bin6 0.000010195040455 0.053092145749836 0.000830568715743 0.014846978390759
 singleEff_bin7 0.927746220680404 -7.077535501661183 -1.354521980288385 1.153093355741301
singleEffErr_bin7 0.000002602204233 0.009150545222895 0.000227357269419 0.001409974076756
 singleEff_bin8 0.951638911514407 -1.626774421087029 -0.071392628765414 -1.475458622898467
singleEffErr_bin8 0.000093858668176 0.001791548434362 0.000055817061415 0.001293482449653
 singleEff_bin9 0.782447651267818 0.006691336634081 -3.438131830699064 9.115623567657536
singleEffErr_bin9 0.000001121703447 0.003738618330237 0.064980023650959 0.234807766164993
        FCErrFh -0.008015558247019 0.011752749620532
       FCErrAfb -0.016505101636195 0.004007779123510
  Pro_Afb_shape   -0.000161144580173    0.489964518011812    0.011792559971048   -0.053285304548044
   Pro_Fh_shape 0.001571118101395 -1.999247273102895 0.002378071651690 0.028359125168718 322.735644907582184 0.002111954128018 1.974755668496082
