            acc -0.002060264423152 0.033397262557841 -0.000907918533721 -0.772812543637121
         accErr 0.007418223490349 0.007286921946418 0.007407596873769 0.113918762596242
        AccErr1 0.000055030039753 -0.000054030036654 -0.000001066170738 0.000840262641815
        AccErr2 -0.000054030036654 0.000053099231453 0.000001042664674 -0.000823191190791
        AccErr3 -0.000001066170738 0.000001042664674 0.000054872491444 -0.000016321435966
        AccErr4 0.000840262641815 -0.000823191190791 -0.000016321435966 0.012977484471459
           reco 0.038202963552862 0.000938932187963 0.054326348728001 0.007199056762707 0.015098081096507 0.007921640502168 -0.052547475443300
        recoErr 0.000213872161903 0.000959883038681 0.003763326363562 0.005287558212938 0.013480788354550 0.006031966709081 0.012060008877016
       RecoErr1 0.000000045741302 -0.000000002003278 -0.000000571184642 0.000000014935347 0.000001600835675 -0.000000019190143 -0.000001195436897
       RecoErr2 -0.000000002003278 0.000000921375448 0.000000112141430 -0.000004471139531 -0.000000569672756 0.000004379439380 0.000000605691853
       RecoErr3 -0.000000571184642 0.000000112141430 0.000014162625319 -0.000000791093074 -0.000047832468563 0.000000987719053 0.000038981138261
       RecoErr4 0.000000014935347 -0.000004471139531 -0.000000791093074 0.000027958271855 0.000004459771641 -0.000030593144597 -0.000005022989686
       RecoErr5 0.000001600835675 -0.000000569672756 -0.000047832468563 0.000004459771641 0.000181731654660 -0.000005750108702 -0.000158491704007
       RecoErr6 -0.000000019190143 0.000004379439380 0.000000987719053 -0.000030593144597 -0.000005750108702 0.000036384622379 0.000006811039566
       RecoErr7 -0.000001195436897 0.000000605691853 0.000038981138261 -0.000005022989686 -0.000158491704007 0.000006811039566 0.000145443814114
    accXrecoEff 0.001191875661857 0.000007405876819 0.000819295034735 0.000297808391921 -0.001599020697167 -0.000090448093248 0.000292177838114 0.000000000000000 0.000000000000000 0.000000000000000
 accXrecoEffErr 0.000013399436137 0.000056439767411 0.000212526120680 0.000278911024602 0.000696867665626 0.000291488691910 0.000580634750362 0.000000000000000 0.000000000000000 0.000000000000000
        EffErr1 0.000000000179545 -0.000000000018708 -0.000000002036258 0.000000000101030 0.000000005274003 -0.000000000109809 -0.000000003704901
        EffErr2 -0.000000000018708 0.000000003185447 0.000000000708437 -0.000000013989878 -0.000000003148523 0.000000012724467 0.000000003078732
        EffErr3 -0.000000002036258 0.000000000708437 0.000000045167352 -0.000000004079523 -0.000000140342847 0.000000004560412 0.000000107428922
        EffErr4 0.000000000101030 -0.000000013989878 -0.000000004079523 0.000000077791360 0.000000021181000 -0.000000078528760 -0.000000022382772
        EffErr5 0.000000005274003 -0.000000003148523 -0.000000140342847 0.000000021181000 0.000000485624543 -0.000000024919717 -0.000000395777287
        EffErr6 -0.000000000109809 0.000000012724467 0.000000004560412 -0.000000078528760 -0.000000024919717 0.000000084965658 0.000000027731846
        EffErr7 -0.000000003704901 0.000000003078732 0.000000107428922 -0.000000022382772 -0.000000395777287 0.000000027731846 0.000000337136713
           iBin 4.000000000000000
           mode 2012.000000000000000
sigGauss1_sigma 0.030198123977416 0.000194820787645
sigGauss2_sigma 0.065224086705919 0.000628676096990
      sigM_frac 0.736380869564524 0.007649764051645
  bkgGauss_mean -0.273152915967933 0.030504284644652
 bkgGauss_sigma 0.105619659145439 0.041180669211575
bkgGauss_mean_1 0.045930080593152 0.048735411573592
bkgGauss_sigma_1 0.583765106671396 0.054512078961963
       bkg_frac 0.136312190315982 0.048217026552051
Iafb_angular_reco -0.003644836368039 0.066658977691645
Ifh_angular_reco 9.923433303833008 -223.315466133987229
afb_angular_reco 0.000090597546744 0.000000000000000
fh_angular_reco 0.004276117961469 0.000000000000000
         recofh 0.004289114479544 -0.002844826802493 0.003019477126961
        recoafb 0.000098147920886 -0.001302721914398 0.001277386196770
        recoFCN -1290720.327632870990783 0.000000000000000
Iafb_angular_gen -0.426774650812149 0.016667444187306
Ifh_angular_gen -1.515284538269043 -134.465958497358315
afb_angular_gen 0.000037672977770 0.000000000000000
 fh_angular_gen 0.007101515247699 0.000000000000000
          genfh 0.007101289455585 -0.000786456704124 0.000802411961566
         genafb 0.000037891857289 -0.000356145145949 0.000355776796547
         genFCN -15085444.558245515450835 0.000000000000000
Iafb_angular_gen_R 0.844185888767242 0.018422420680963
Ifh_angular_gen_R -1.167104482650757 -353.804105354033368
afb_angular_gen_R 0.000015825413133 0.000000000000000
fh_angular_gen_R 0.002699027798834 0.000000000000000
Iafb_angular_reco_R -0.358518093824387 0.101425063103306
Ifh_angular_reco_R -1.177993178367615 -229.516374573118696
afb_angular_reco_R 0.000133865223503 0.000000000000000
fh_angular_reco_R 0.004160590362283 0.000000000000000
        recoRfh 0.004168672418829 -0.002864281890659 0.003062887929741
       recoRafb 0.000135713914606 -0.001309851903391 0.001293190213359
        genfh_R 0.002704093499616 0.000000000000000 0.000625673023216
       genafb_R 0.000014873477051 -0.000279086822434 0.000278263586288
       genFCN_R -36015069.407834425568581 0.000000000000000
 Iafb_angular2D -30.020517349243164 997.338242305929953
  Ifh_angular2D 0.102804526686668 -732.454954161086107
  afb_angular2D 0.000651452700824 0.000000000000000
   fh_angular2D 0.001303737601621 0.000000000000000
             fh 0.022211324476391 0.000000000000000 0.099870022144828
            afb 0.010537973879178 0.000000000000000 0.000000000000000
            FCN -7242.001869459049885 0.000000000000000
        GENreco 0.038206095065443 0.000890936716063 0.054509324623498 0.007581288768861 0.013293515426771 0.007313540126847 -0.050053032956666
     GENrecoErr 0.000213861661995 0.000960290640047 0.003763539307395 0.005291894020383 0.013487368199900 0.006040847225980 0.012072920435952
accXrecoEff-GEN 0.001192209335684 0.000006358144796 0.000815382616024 0.000303692534642 -0.001603924188149 -0.000099150287879 0.000311555892522 0.000000000000000 0.000000000000000 0.000000000000000
accXrecoEff-GENErr 0.000013399779023 0.000056480649352 0.000212595649561 0.000279321020867 0.000697667877506 0.000292229156383 0.000581840190455 0.000000000000000 0.000000000000000 0.000000000000000
     Dimuonreco 0.038620603332492 0.001245229506359 0.054740584535501 0.006806338419456 0.014037656710653 0.008042532634370 -0.051417456072928
  DimuonrecoErr 0.000214989795569 0.000964471726278 0.003781890108872 0.005311970641567 0.013545779072777 0.006060981191116 0.012119048866433
accXrecoEffDimuon 0.001204994788175 0.000016609828273 0.000818467940780 0.000279697708744 -0.001622793503509 -0.000079733594621 0.000315822700434 0.000000000000000 0.000000000000000 0.000000000000000
accXrecoEffDimuonErr 0.000013527679932 0.000056948850972 0.000214485254100 0.000281374235746 0.000703242667696 0.000294190341758 0.000586057702202 0.000000000000000 0.000000000000000 0.000000000000000
Iafb_angular_reco_D -0.392170518636703 -0.064718659107712
Ifh_angular_reco_D -1.482224702835083 -206.367926820985758
afb_angular_reco_D -0.000095191938092 0.000000000000000
fh_angular_reco_D 0.004627280019475 0.000000000000000
        recoDfh 0.004609358255030 -0.002865895857856 0.003089664469465
       recoDafb -0.000116043601463 -0.001297865506432 0.001318404924187
       recoDFCN -1276906.315784841310233 0.000000000000000
    bkgCombL_c0 -0.354201387167259 0.176432965989102
    bkgCombL_c1 0.376052290138475 0.171587458428212
    bkgCombL_c2 -0.836868849879485 0.036185353854753
    bkgCombL_c3 0.000000000000000 0.000000000000000
        FCErrFh -0.001135376718035 0.018125667769627
       FCErrAfb -0.018769739593659 0.000567688359018
  Pro_Afb_shape    0.001709759567943   -0.592556495347099    0.006176170129560   -0.051251655351094
   Pro_Fh_shape 0.005304602933645 -1.932369574441545 0.005191120795603 0.692149454884164 92.286595796369085 0.029908828998314 1.013858603966232
