            acc 0.001931708043438 0.030124053779574 -0.005623879223814 0.856339430125003
         accErr 0.018637941148977 0.018417202503695 0.015268983707151 0.333670136350559
        AccErr1 0.000347372850273 -0.000343199212170 -0.000021193254162 -0.006197488745691
        AccErr2 -0.000343199212170 0.000339193348062 0.000020941298899 0.006116772470397
        AccErr3 -0.000021193254162 0.000020941298899 0.000233141863449 0.000372024223662
        AccErr4   -0.006197488745691    0.006116772470397    0.000372024223662    0.111335759892201
           reco 0.005159356337201 0.000708039578589 0.005508600421621 -0.000306788555788 0.005774209505283 0.001739616721243 -0.011063824756536
        recoErr 0.000116499685117 0.000509599884463 0.001964940350737 0.002686140041676 0.006808275546897 0.002947184131332 0.005904751501436
       RecoErr1 0.000000013572177 -0.000000000224320 -0.000000162924738 0.000000002230804 0.000000442923170 -0.000000003659967 -0.000000322282632
       RecoErr2 -0.000000000224320 0.000000259692042 0.000000038747373 -0.000001211632362 -0.000000194790234 0.000001148327741 0.000000203121224
       RecoErr3 -0.000000162924738 0.000000038747373 0.000003860990582 -0.000000236907656 -0.000012640461295 0.000000292780808 0.000010032029463
       RecoErr4 0.000000002230804 -0.000001211632362 -0.000000236907656 0.000007215348323 0.000001395464231 -0.000007611798666 -0.000001571215643
       RecoErr5 0.000000442923170 -0.000000194790234 -0.000012640461295 0.000001395464231 0.000046352615922 -0.000001775676145 -0.000039255409592
       RecoErr6 -0.000000003659967 0.000001148327741 0.000000292780808 -0.000007611798666 -0.000001775676145 0.000008685894304 0.000002090241804
       RecoErr7 -0.000000322282632 0.000000203121224 0.000010032029463 -0.000001571215643 -0.000039255409592 0.000002090241804 0.000034866090294
    accXrecoEff 0.000166871153982 0.000015837426926 0.000032306394782 0.000005599499690 0.000183130080990 0.000016368068627 -0.000317263945723
 accXrecoEffErr 0.000004374858666 0.000017630459222 0.000066014200522 0.000085469556432 0.000212529503311 0.000087158174627 0.000174258262727
        EffErr1 0.000000000019139 -0.000000000000925 -0.000000000209830 0.000000000005885 0.000000000533821 -0.000000000007103 -0.000000000369895
        EffErr2 -0.000000000000925 0.000000000310833 0.000000000065231 -0.000000001347434 -0.000000000292690 0.000000001206725 0.000000000281214
        EffErr3 -0.000000000209830 0.000000000065231 0.000000004357875 -0.000000000361882 -0.000000013301427 0.000000000398275 0.000000010048939
        EffErr4 0.000000000005885 -0.000000001347434 -0.000000000361882 0.000000007305045 0.000000001874013 -0.000000007213950 -0.000000001936096
        EffErr5 0.000000000533821 -0.000000000292690 -0.000000013301427 0.000000001874013 0.000000045168790 -0.000000002149537 -0.000000036271343
        EffErr6 -0.000000000007103 0.000000001206725 0.000000000398275 -0.000000007213950 -0.000000002149537 0.000000007596547 0.000000002324074
        EffErr7 -0.000000000369895 0.000000000281214 0.000000010048939 -0.000000001936096 -0.000000036271343 0.000000002324074 0.000000030365942
           iBin 5.000000000000000
           mode 2012.000000000000000
sigGauss1_sigma 0.021826686420480 0.000274871142514
sigGauss2_sigma 0.098191646168695 0.006597978859749
      sigM_frac 0.941478575255326 0.006069765937745
        GENreco 0.005153797447119 0.000723090661922 0.005690970190832 -0.000323328922071 0.005166613450427 0.001724120823283 -0.010605318865713
     GENrecoErr 0.000116615389361 0.000509326625656 0.001969091953830 0.002686250024948 0.006822589341872 0.002950072889017 0.005919265293306
accXrecoEff-GEN 0.000166545680445 0.000016172207467 0.000039057361531 0.000005713792897 0.000163245934044 0.000015391911675 -0.000303114344910 0.000000000000000 0.000000000000000 0.000000000000000
accXrecoEff-GENErr 0.000004377326102 0.000017625898123 0.000066163187907 0.000085521558765 0.000213052377540 0.000087344339699 0.000174811477436 0.000000000000000 0.000000000000000 0.000000000000000
