            acc -0.008102640418617 0.039133597683686 -0.007643038589432 0.709455370088903
         accErr 0.006197890237716 0.006027727134311 0.007044148208691 0.079818521169765
        AccErr1 0.000038413843399 -0.000037311399090 0.000001437129423 -0.000490474355877
        AccErr2 -0.000037311399090 0.000036333494406 -0.000001347320249 0.000474306551561
        AccErr3 0.000001437129423 -0.000001347320249 0.000049620023986 -0.000022162755221
        AccErr4   -0.000490474355877    0.000474306551561   -0.000022162755221    0.006370996321728
           reco 0.002694498386948 0.000005952967072 0.002861674142133 0.000281240849708 0.002535091481886 0.000808800195658 -0.005395447383506
        recoErr 0.000080233696126 0.000364217273934 0.001448102353663 0.002055586394542 0.005291214364191 0.002377990486486 0.004795426689269
       RecoErr1 0.000000006437446 -0.000000000169180 -0.000000082453531 0.000000001400295 0.000000235546033 -0.000000001538745 -0.000000178290039
       RecoErr2 -0.000000000169180 0.000000132654223 0.000000010722692 -0.000000657945597 -0.000000057701362 0.000000652557473 0.000000062103509
       RecoErr3 -0.000000082453531 0.000000010722692 0.000002097000427 -0.000000081010854 -0.000007216755044 0.000000091685645 0.000005955942985
       RecoErr4 0.000000001400295 -0.000000657945597 -0.000000081010854 0.000004225435425 0.000000469933828 -0.000004683674610 -0.000000537256977
       RecoErr5 0.000000235546033 -0.000000057701362 -0.000007216755044 0.000000469933828 0.000027996949448 -0.000000570099852 -0.000024732430154
       RecoErr6 -0.000000001538745 0.000000652557473 0.000000091685645 -0.000004683674610 -0.000000570099852 0.000005654838754 0.000000716899122
       RecoErr7 -0.000000178290039 0.000000062103509 0.000005955942985 -0.000000537256977 -0.000024732430154 0.000000716899122 0.000022996117132
    accXrecoEff 0.000083051148304 0.000001277885706 0.000005261143089 0.000006083354271 -0.000106436009695 -0.000003571707420 0.000034747120748
 accXrecoEffErr 0.000002545045333 0.000009787543403 0.000035511955104 0.000043111787163 0.000107540862116 0.000041317927039 0.000084176864732
        EffErr1 0.000000000006477 0.000000000000144 -0.000000000065849 -0.000000000000407 0.000000000159080 0.000000000000555 -0.000000000106362
        EffErr2 0.000000000000144 0.000000000095796 0.000000000003459 -0.000000000382288 -0.000000000015988 0.000000000325085 0.000000000012335
        EffErr3 -0.000000000065849 0.000000000003459 0.000000001261099 -0.000000000017897 -0.000000003645236 0.000000000008117 0.000000002654607
        EffErr4 -0.000000000000407 -0.000000000382288 -0.000000000017897 0.000000001858626 0.000000000081342 -0.000000001731866 -0.000000000061911
        EffErr5 0.000000000159080 -0.000000000015988 -0.000000003645236 0.000000000081342 0.000000011565037 -0.000000000042693 -0.000000008890462
        EffErr6 0.000000000000555 0.000000000325085 0.000000000008117 -0.000000001731866 -0.000000000042693 0.000000001707171 0.000000000031290
        EffErr7 -0.000000000106362 0.000000000012335 0.000000002654607 -0.000000000061911 -0.000000008890462 0.000000000031290 0.000000007085745
           iBin 3.000000000000000
           mode 2012.000000000000000
sigGauss1_sigma 0.019951719477979 0.000371511049875
sigGauss2_sigma 0.077071474265737 0.004208316877258
      sigM_frac 0.873562987822413 0.011722044297308
        GENreco 0.002683799004572 0.000041631470308 0.003144186662319 0.000105765693298 0.001578217786845 0.000954158699624 -0.004735211432685
     GENrecoErr 0.000079973737804 0.000364373566570 0.001442525823824 0.002048990414901 0.005261367613834 0.002362324744604 0.004756989710338
accXrecoEff-GEN 0.000082801425043 0.000001345843013 0.000010627709739 0.000006440474250 -0.000122248774322 -0.000004711411954 0.000045117510361 0.000000000000000 0.000000000000000 0.000000000000000
accXrecoEff-GENErr 0.000002538457088 0.000009792139719 0.000035420844822 0.000042966114728 0.000107113087565 0.000041026578507 0.000083654919124 0.000000000000000 0.000000000000000 0.000000000000000
